,Day,T,TM,Tm,H,PP,VV,V,VM,PM2.5
0,1,23.4,30.3,19,59,0,6.3,4.3,5.4,284.79584
1,2,22.4,30.3,16.9,57,0,6.9,3.3,7.6,332.70834
2,3,24,31.8,16.9,51,0,6.9,2.8,5.4,21.208334
3,4,,,,,,,,,23.208334
4,5,,,,,,,,,94.75
5,6,,,,,,,,,38.666668
6,7,22.8,30.2,17.6,55,0,7.7,3.7,7.6,61.875
7,8,23.1,30.6,17.4,46,0,6.9,3.3,5.4,41.375
8,9,22.9,30.6,17.4,51,0,6.9,3.5,3.5,33.166668
9,10,,,,,,,,,30.333334
10,11,,,,,,,,,99.708336
11,12,,,,,,,,,118.916664
12,13,22.3,30.1,15.7,43,0,6.9,2.8,5.4,285.225
13,14,21.8,30.6,14.8,41,0,6.9,1.9,5.4,236.825
14,15,21.6,30.6,14.2,43,0,6.9,3.1,7.6,276.90833
15,16,,,,,,,,,245.65
16,17,,,,,,,,,218.67084
17,18,,,,,,,,,47.825
18,19,21.6,29.6,16.4,58,0,6.9,2.2,3.5,108.0
19,20,21.9,29.6,16.6,58,0,6.9,2.4,5.4,107.625
20,21,22.3,29.9,17.5,55,0,6.9,3.1,5.4,125.89167
21,22,,,,,,,,,179.30833
22,23,,,,,,,,,239.85
23,24,,,,,,,,,220.19167
24,25,21.6,29.1,15.5,47,0,7.7,4.8,7.6,181.0125
25,26,21.8,29.2,14.6,41,0,6.9,2.8,3.5,152.55417
26,27,22.3,30.1,15.6,40,0,6.9,2.4,5.4,152.32083
27,28,,,,,,,,,171.42917
28,29,,,,,,,,,251.375
29,30,,,,,,,,,251.82916
30,31,22.1,29.8,17.3,54,0,6.9,5.2,9.4,319.7375
31,1,21.6,29.2,15.3,51,0,6.9,3.9,5.4,219.72084
32,2,21.4,29.2,15.2,45,0,6.9,2.8,5.4,279.6
33,3,21.8,29.6,14.4,37,0,7.4,2.2,3.5,1.9166666
34,4,,,,,,,,,15.166667
35,5,,,,,,,,,142.5
36,6,,,,,,,,,45.375
37,7,24.6,32.2,18.8,55,0,6.9,2.2,3.5,0.0
38,8,24.6,32.2,21,63,0.51,5.5,3.9,9.4,25.541666
39,9,23.9,31.6,19,51,0,6.6,5.9,9.4,30.625
40,10,,,,,,,,,26.666666
41,11,,,,,,,,,217.375
42,12,,,,,,,,,176.375
43,13,24.5,31.5,18.9,49,0,6.9,4.8,9.4,132.20833
44,14,23.9,31.5,19.7,64,0,6.3,5.2,9.4,127.708336
45,15,24.3,31.4,20.2,68,0,6.9,3.5,5.4,109.333336
46,16,,,,,,,,,0.0
47,17,,,,,,,,,0.0
48,18,,,,,,,,,0.0
49,19,24.8,31.8,20.5,62,0,6.3,2,5.4,56.458332
50,20,24.5,32.2,19.7,59,0,6.6,3.9,5.4,135.83333
51,21,24.3,32.2,18,47,0,6.9,5,9.4,122.5
52,22,,,,,,,,,119.333336
53,23,,,,,,,,,67.125
54,24,,,,,,,,,46.708332
55,25,24.1,33.4,15.9,29,0,7.7,3.5,5.4,69.666664
56,26,24.7,32.4,16.3,30,0,6.9,5,9.4,79.833336
57,27,24.7,32.4,16.9,32,0,6.9,0.9,3.5,62.708332
58,28,,,,,,,,,81.041664
59,1,25.5,33,18.5,26,0,6.9,3.9,5.4,182.1875
60,2,25.5,33,18.9,34,0,6.9,4.6,7.6,179.11667
61,3,25.3,33.2,18.5,31,0,6.9,3.5,5.4,1.8333334
62,4,,,,,,,,,21.25
63,5,,,,,,,,,133.375
64,6,,,,,,,,,65.166664
65,7,24,30.4,21,71,0,6.3,5.2,5.4,29.666666
66,8,25.4,32,20,56,0.51,6.9,3.5,5.4,28.375
67,9,25.8,34.1,20.3,51,0,6.6,1.5,3.5,30.333334
68,10,,,,,,,,,29.0
69,11,,,,,,,,,309.375
70,12,,,,,,,,,185.95833
71,13,27.1,34.8,20.2,30,0,6.9,3.1,5.4,111.958336
72,14,26.8,34.7,20.7,34,0,6.9,2.4,5.4,59.208332
73,15,25.3,34.2,18.9,40,0,6.9,3.9,5.4,77.208336
74,16,,,,,,,,,87.833336
75,17,,,,,,,,,90.041664
76,18,,,,,,,,,63.916668
77,19,26.9,34.6,19.9,37,0,6.9,5,5.4,98.708336
78,20,27.1,34.6,20.4,39,0,6.9,5,7.6,123.708336
79,21,26.8,34.5,20.5,32,0,6.9,4.6,7.6,64.791664
80,22,,,,,,,,,62.875
81,23,,,,,,,,,88.375
82,24,,,,,,,,,77.666664
83,25,28.1,34.8,21.3,44,0,6.3,3.9,7.6,52.333332
84,26,28.8,35.4,23.2,44,0,6.9,4.3,5.4,52.041668
85,27,28.5,35.8,22.9,39,0,6.9,3.7,7.6,128.33333
86,28,,,,,,,,,87.583336
87,29,,,,,,,,,2.9166667
88,30,,,,,,,,,0.0
89,31,28.1,36.5,22.4,57,0,6.9,3.1,5.4,0.0
90,1,27.2,36.5,20.7,58,11.94,6.9,4.3,7.6,115.2875
91,2,26.9,34.9,22.2,54,0,6.9,5,11.1,166.3
92,3,27.8,34.9,22.1,58,1.02,6.9,3.5,7.6,1.7916666
93,4,,,,,,,,,25.75
94,5,,,,,,,,,102.416664
95,6,,,,,,,,,67.083336
96,7,29.9,36.8,23.3,41,0,6.9,3.7,7.6,47.75
97,8,29.4,36.8,24.4,44,0,6.9,2,7.6,40.333332
98,9,29.6,36,24.5,42,0,6.9,3.9,7.6,31.75
99,10,,,,,,,,,34.25
100,11,,,,,,,,,166.91667
101,12,,,,,,,,,195.375
102,13,27.7,36.2,21.4,42,0,6.9,3.5,3.5,84.5
103,14,29.2,35.9,23.1,50,0,6.9,3.9,7.6,46.916668
104,15,27.5,35.9,22.6,56,-,6.3,5.9,11.1,104.625
105,16,,,,,,,,,109.625
106,17,,,,,,,,,63.458332
107,18,,,,,,,,,77.041664
108,19,28.2,35.8,22.5,50,0,6.9,5,7.6,110.875
109,20,28.9,35.7,23.3,45,0,6.9,3.5,5.4,42.958332
110,21,28.2,35.7,22.6,53,0,6.9,4.6,5.4,0.0
111,22,,,,,,,,,30.875
112,23,,,,,,,,,75.583336
113,24,,,,,,,,,106.958336
114,25,28.4,34.7,23.3,54,0,6.9,3.3,5.4,120.875
115,26,28.2,34.5,24.4,56,0,6.9,3,5.4,79.916664
116,27,28.4,35.3,23.3,56,0,7.7,3.3,5.4,0.0
117,28,,,,,,,,,0.0
118,29,,,,,,,,,0.0
119,30,,,,,,,,,38.5
120,1,28.7,37,22.7,43,0,6.9,3.5,5.4,0.0
121,2,29.6,37.6,24,51,0,6.9,4.8,7.6,78.254166
122,3,28.3,37.6,24,58,0.51,6.9,6.5,11.1,31.625
123,4,,,,,,,,,52.416668
124,5,,,,,,,,,101.75
125,6,,,,,,,,,80.041664
126,7,28.8,35.1,24.3,58,0,6.9,4.6,5.4,37.708332
127,8,28,35.1,23.4,61,0,6.9,5.9,7.6,39.333332
128,9,26.9,35.3,22.2,63,1.02,6.9,4.3,7.6,34.208332
129,10,,,,,,,,,62.708332
130,11,,,,,,,,,429.16666
131,12,,,,,,,,,151.04167
132,13,26.1,32.1,22.1,68,0,6.9,4.4,5.4,101.5
133,14,26.3,32.1,21.9,63,0,6.9,6.5,11.1,106.5
134,15,26.4,33.8,21.6,58,0,7.6,5.6,7.6,128.125
135,16,,,,,,,,,108.0
136,17,,,,,,,,,125.625
137,18,,,,,,,,,137.16667
138,19,26.2,35.7,22.4,71,4.06,6.9,3,5.4,101.958336
139,20,25.2,33.8,21.4,75,13.97,6.3,5,7.6,98.416664
140,21,27.3,34,20.9,64,0,6.9,5,9.4,94.375
141,22,,,,,,,,,118.5
142,23,,,,,,,,,89.541664
143,24,,,,,,,,,87.25
144,25,26.5,33.5,22,58,0,6.3,8,11.1,107.625
145,26,26.6,33,22,62,0,6.9,6.3,7.6,110.416664
146,27,25.5,33,20.6,66,0,6.9,6.3,7.6,95.833336
147,28,,,,,,,,,93.5
148,29,,,,,,,,,97.625
149,30,,,,,,,,,76.958336
150,31,23.7,31.3,20.8,81,30.99,5.8,2.8,5.4,72.25
151,1,21.8,29.4,20,90,-,5.5,6.1,7.6,12.379167
152,2,22.3,27.6,20,86,12.95,5.5,6.1,9.4,54.958332
153,3,22.3,27.6,19.2,85,5.08,5.5,6.3,7.6,112.083336
154,4,,,,,,,,,89.0
155,5,,,,,,,,,117.958336
156,6,,,,,,,,,74.166664
157,7,23.8,29.9,21,80,0,6.9,8.7,11.1,33.083332
158,8,23,28.8,20.1,77,2.03,6.3,8.1,11.1,41.833332
159,9,23.8,28.4,20.1,70,0,6.9,12.4,18.3,11.625
160,10,,,,,,,,,65.083336
161,11,,,,,,,,,332.45834
162,12,,,,,,,,,170.875
163,13,23.7,28.3,20,69,0,6.9,11.3,14.8,56.291668
164,14,23.7,28.3,20.5,70,0,6.3,9.8,16.5,77.0
165,15,23.4,28.6,20,74,0,6.9,9.6,11.1,32.958332
166,16,,,,,,,,,40.833332
167,17,,,,,,,,,42.541668
168,18,,,,,,,,,93.083336
169,19,24.3,29.2,20.2,71,0,7.4,8.5,11.1,80.625
170,20,23.6,30.2,20.3,74,0,6.9,7.2,9.4,90.708336
171,21,23.4,30.2,20,78,6.1,6.9,5,5.4,97.291664
172,22,,,,,,,,,79.833336
173,23,,,,,,,,,87.75
174,24,,,,,,,,,63.5
175,25,23.4,28.4,20.6,77,0,6.9,8.9,18.3,50.708332
176,26,22.4,27.8,20.4,87,0,6.9,5.2,5.4,40.375
177,27,23.5,28.5,20.6,75,14.99,6.9,5.7,7.6,49.416668
178,28,,,,,,,,,43.666668
179,29,,,,,,,,,52.166668
180,30,,,,,,,,,49.583332
181,1,23.7,29.2,19.4,70,0,6.9,8.5,14.8,154.0375
182,2,22.6,29.2,19.8,79,0,5.5,6.9,11.1,54.791668
183,3,22.2,28.1,19.9,83,3.05,6.9,6.7,11.1,105.833336
184,4,,,,,,,,,81.833336
185,5,,,,,,,,,147.83333
186,6,,,,,,,,,66.083336
187,7,23.3,29.6,20.6,76,10.92,6.3,5,9.4,49.125
188,8,23.8,28.7,20.5,73,0,6.9,5.7,9.4,50.333332
189,9,22.6,28.8,20.4,82,0,6.9,5.6,7.6,0.0
190,10,,,,,,,,,61.708332
191,11,,,,,,,,,321.54166
192,12,,,,,,,,,239.125
193,13,22.2,27.3,20.2,84,0,6.3,5.9,9.4,35.208332
194,14,23.1,27.4,19.8,79,6.1,6.3,5,7.6,37.625
195,15,23.1,28.3,20.2,81,3.05,5.8,4.6,7.6,41.458332
196,16,,,,,,,,,53.125
197,17,,,,,,,,,54.875
198,18,,,,,,,,,65.75
199,19,21.4,27,19.7,90,9.91,6.3,5.4,7.6,38.583332
200,20,21.3,27,19.7,93,49.02,6.3,5.4,7.6,36.0
201,21,22.5,26,19.9,84,5.08,6.3,5.9,7.6,70.583336
202,22,,,,,,,,,52.458332
203,23,,,,,,,,,36.583332
204,24,,,,,,,,,45.583332
205,25,23.1,27.6,19.8,75,1.02,6.9,9.8,11.1,33.166668
206,26,22.6,27.6,20,77,0,6.9,8.1,11.1,38.25
207,27,22.3,27.4,19.7,84,0.76,6.9,6.7,11.1,26.583334
208,28,,,,,,,,,57.583332
209,29,,,,,,,,,30.708334
210,30,,,,,,,,,35.375
211,31,22,26.9,20,76,0,6.9,11.7,22.2,15.416667
212,1,22.4,26.2,20,79,0,6.6,9.8,14.8,223.20833
213,2,23.2,28.4,20.1,78,0.25,6.9,9.8,11.1,93.375
214,3,22.7,28.4,20.2,80,0,6.3,6.7,11.1,117.583336
215,4,,,,,,,,,105.333336
216,5,,,,,,,,,158.29167
217,6,,,,,,,,,77.666664
218,7,23.4,28,20.1,76,0,6.9,6.3,7.6,43.666668
219,8,23.9,29.5,20.6,74,0,6.3,6.1,9.4,35.375
220,9,23.7,29.5,20.9,76,0,6.9,6.3,9.4,0.0
221,10,,,,,,,,,60.541668
222,11,,,,,,,,,278.0
223,12,,,,,,,,,365.29166
224,13,22.9,27.8,20.4,83,0,6.3,4.4,5.4,35.291668
225,14,21.3,27.8,19.8,88,7.87,5.5,4.6,7.6,26.833334
226,15,20.7,25.1,19,89,21.34,6.9,4.4,5.4,21.125
227,16,,,,,,,,,18.0
228,17,,,,,,,,,28.041666
229,18,,,,,,,,,34.875
230,19,22.6,26.8,19.6,81,1.52,6.3,8.5,14.8,35.708332
231,20,22.4,26.7,19.7,81,0,5.5,6.7,9.4,43.583332
232,21,22.7,28.4,20.1,77,5.59,6.9,6.7,7.6,46.041668
233,22,,,,,,,,,28.75
234,23,,,,,,,,,70.541664
235,24,,,,,,,,,58.541668
236,25,22.4,26.7,19.5,82,14.48,6.3,5.2,7.6,82.875
237,26,23.9,29,19.5,73,0.25,6.3,4.6,7.6,64.916664
238,27,24.2,29.7,19.9,69,0,6.9,3.9,5.4,30.666666
239,28,,,,,,,,,31.75
240,29,,,,,,,,,41.041668
241,30,,,,,,,,,45.25
242,31,24.6,30.1,21.9,77,1.52,6.9,1.5,5.4,34.416668
243,1,24.3,30.8,19.2,72,22.86,6.9,0.9,3.5,200.64583
244,2,23.9,31.4,19,76,79.76,6.9,1.5,5.4,103.0
245,3,22.9,31.4,19.5,80,12.45,6.9,3.7,11.1,122.708336
246,4,,,,,,,,,117.75
247,5,,,,,,,,,149.58333
248,6,,,,,,,,,70.25
249,7,22.2,27.7,20,85,0,6.3,4.8,7.6,29.833334
250,8,21.8,25.4,19.5,89,3.05,5.5,2.8,5.4,31.916666
251,9,21.7,25.4,19.1,84,60.71,5.5,3.3,5.4,0.0
252,10,,,,,,,,,41.583332
253,11,,,,,,,,,192.33333
254,12,,,,,,,,,312.20834
255,13,22.9,27.4,19.8,87,42.42,6.6,4.1,5.4,76.875
256,14,23.2,27.5,20.5,87,27.18,6.9,3,5.4,83.458336
257,15,23,27.5,20.6,84,1.52,4.8,4.4,5.4,71.666664
258,16,,,,,,,,,65.625
259,17,,,,,,,,,53.375
260,18,,,,,,,,,56.083332
261,19,23.2,28.8,20.5,81,0,6.3,7.6,11.1,69.708336
262,20,22.1,28.4,20.6,85,0,6.9,8,18.3,62.375
263,21,23.1,27.9,20.2,80,1.78,6.9,5.9,11.1,24.875
264,22,,,,,,,,,37.333332
265,23,,,,,,,,,50.125
266,24,,,,,,,,,46.541668
267,25,23.8,28.3,19.4,73,0,7.7,3.9,5.4,43.958332
268,26,24.7,30.4,19.5,68,0,9.2,5,7.6,41.5
269,27,24.9,30.8,20,64,0,7.7,4.4,7.6,38.791668
270,28,,,,,,,,,48.916668
271,29,,,,,,,,,76.916664
272,30,,,,,,,,,34.458332
273,1,23.8,29.5,19.6,73,0,6.9,5,7.6,154.875
274,2,24.2,29.5,21.1,73,0,6.9,6.3,11.1,211.125
275,3,23.6,28.9,20.3,72,0,6.3,4.8,7.6,76.541664
276,4,,,,,,,,,20.791666
277,5,,,,,,,,,107.291664
278,6,,,,,,,,,75.125
279,7,24.8,30,20.2,73,-,7.7,4.1,5.4,29.666666
280,8,23.9,30,21.1,81,6.6,6.3,3.1,5.4,36.791668
281,9,23.2,28.4,19.2,80,22.35,6.3,3.7,9.4,0.0
282,10,,,,,,,,,50.916668
283,11,,,,,,,,,235.33333
284,12,,,,,,,,,237.625
285,13,23.9,28.9,20,71,0,6.9,6.7,7.6,80.041664
286,14,24.9,30.8,20.6,70,0,6.9,4.8,7.6,82.833336
287,15,24.1,30.8,21.6,79,-,6.3,3.3,5.4,95.25
288,16,,,,,,,,,115.833336
289,17,,,,,,,,,149.66667
290,18,,,,,,,,,145.58333
291,19,24.4,30.5,20.3,72,0,6.9,1.5,7.6,126.166664
292,20,21.9,30.4,20.1,81,3.3,6.3,0.9,5.4,136.70833
293,21,21.5,27.2,19.5,85,1.02,6.9,2.6,7.6,160.66667
294,22,,,,,,,,,173.58333
295,23,,,,,,,,,168.625
296,24,,,,,,,,,174.66667
297,25,23.2,27,20.7,81,5.59,6.3,3.3,5.4,245.66667
298,26,23.4,29.4,20.7,78,0,6.9,4.3,5.4,261.66666
299,27,23.3,29.4,19.8,80,23.37,5.5,3.5,5.4,272.41666
300,28,,,,,,,,,226.29167
301,29,,,,,,,,,291.70834
302,30,,,,,,,,,207.33333
303,31,23.4,28.7,18.6,71,0,6.3,1.3,5.4,149.625
304,1,24.2,29.6,19.6,73,0,6.9,2.2,5.4,129.3875
305,2,23.3,29.6,19.9,80,2.03,5.8,3.9,7.6,192.29167
306,3,22.9,29,20,78,0.76,6,4.3,7.6,159.08333
307,4,,,,,,,,,64.791664
308,5,,,,,,,,,96.25
309,6,,,,,,,,,37.166668
310,7,23.3,29,19,69,0,6.3,2.8,5.4,56.708332
311,8,22.2,29,18.4,69,0,6.9,1.5,5.4,33.291668
312,9,22.2,28.2,17.3,68,0,6.9,2.2,5.4,0.0
313,10,,,,,,,,,40.958332
314,11,,,,,,,,,153.29167
315,12,,,,,,,,,179.33333
316,13,21.8,28.6,18.5,71,0,6.3,0,-,224.16667
317,14,22,28,17.8,67,0,5.5,1.1,3.5,196.75
318,15,21.4,28,15.6,63,0,6.3,1.1,3.5,221.54167
319,16,,,,,,,,,210.54167
320,17,,,,,,,,,251.20833
321,18,,,,,,,,,172.83333
322,19,22.4,29,16.8,74,0,6.3,1.9,3.5,166.70833
323,20,22.3,29,18.2,68,0,6.3,1.3,3.5,130.70833
324,21,22.7,30,16.5,65,0,6.9,1.1,3.5,194.70833
325,22,,,,,,,,,250.875
326,23,,,,,,,,,274.875
327,24,,,,,,,,,207.91667
328,25,22.5,28.5,19.8,80,0.51,6.3,2,5.4,134.45833
329,26,23.1,29.2,19.2,74,2.29,6.9,1.1,5.4,110.0
330,27,22.7,29.2,18.8,67,0,6.9,0.4,3.5,160.0
331,28,,,,,,,,,217.91667
332,29,,,,,,,,,184.20833
333,30,,,,,,,,,130.91667
334,1,23.1,29.9,20,76,0.25,6.9,3.1,5.4,224.24583
335,2,22.5,28.3,19.4,74,0,7.7,2.4,5.4,152.0
336,3,21.9,28,18.4,67,0,6.9,3.1,5.4,147.95833
337,4,,,,,,,,,87.375
338,5,,,,,,,,,76.25
339,6,,,,,,,,,57.375
340,7,20.2,28.4,15.7,67,0,6.3,1.9,3.5,39.25
341,8,21.3,28,16.8,68,0,6.9,0.9,3.5,35.5
342,9,21.2,28.7,15.9,54,0,6.9,0.7,5.4,26.166666
343,10,,,,,,,,,60.666668
344,11,,,,,,,,,171.54167
345,12,,,,,,,,,122.541664
346,13,22.3,27,18.6,71,0,6.3,3.5,5.4,121.333336
347,14,22.6,27.7,19.5,75,0,6.3,3.5,5.4,202.875
348,15,22.3,30.3,16,56,0,6,1.3,3.5,260.16666
349,16,,,,,,,,,403.95834
350,17,,,,,,,,,455.58334
351,18,,,,,,,,,382.70834
352,19,20.2,27.2,14.7,66,0,6.9,0.9,3.5,277.70834
353,20,20.4,28.9,14.5,65,0,6.8,1.3,3.5,284.16666
354,21,20.6,28.9,14.9,61,0,6.9,3.1,3.5,288.41666
355,22,,,,,,,,,256.83334
356,23,,,,,,,,,175.75
357,24,,,,,,,,,180.79167
358,25,20.8,27.3,15.6,70,0,6,3.5,5.4,166.91667
359,26,19.9,27.3,14.9,68,0,6.3,3.3,5.4,169.0
360,27,20.6,27.4,16,65,0,6.3,3.9,7.6,186.04167
361,28,,,,,,,,,185.58333
362,29,,,,,,,,,114.083336
363,30,,,,,,,,,140.45833
364,31,20.1,27.5,14.9,67,0,6.9,4.3,5.4,108.083336
