,Day,T,TM,Tm,H,PP,VV,V,VM,PM2.5
0,1,22.3,29.5,19.2,77,7.62,6.3,0.9,3.5,172.75
1,2,22.2,29.2,17.6,71,1.52,5.5,1.9,7.6,224.79167
2,3,22.1,29.2,18.7,76,0,6,1.3,3.5,31.625
3,4,,,,,,,,,81.208336
4,5,,,,,,,,,48.125
5,6,,,,,,,,,25.458334
6,7,21.9,28.6,17.4,60,0,6.9,0.4,3.5,37.583332
7,8,22.1,28.6,17.6,71,0,6.3,0.6,3.5,19.833334
8,9,21.6,27.6,18.5,72,0,6.3,1.9,3.5,44.125
9,10,,,,,,,,,57.125
10,11,,,,,,,,,256.95834
11,12,,,,,,,,,212.125
12,13,19.4,27.1,13.7,60,0,8.5,0.9,3.5,228.79167
13,14,19.4,27.1,13.7,67,0,6,0.2,1.9,200.875
14,15,20.1,27.1,14.7,63,0,6.3,2.8,7.6,214.04167
15,16,,,,,,,,,210.0
16,17,,,,,,,,,210.125
17,18,,,,,,,,,227.75
18,19,21.3,28.2,15.4,61,0,8.5,3.3,5.4,217.25
19,20,20.9,28.2,15.6,63,0,6.3,3,5.4,212.45833
20,21,21,27.4,15.5,61,0,6.3,4.8,7.6,202.66667
21,22,,,,,,,,,149.875
22,23,,,,,,,,,85.083336
23,24,,,,,,,,,102.875
24,25,22.1,29.4,17,59,0,7.7,3.3,5.4,138.79167
25,26,21.3,28.4,15.6,57,0,7.7,4.6,7.6,153.08333
26,27,21.4,27.9,16,60,0,6.3,4.1,9.4,159.70833
27,28,,,,,,,,,147.375
28,29,,,,,,,,,171.0
29,30,,,,,,,,,133.41667
30,31,22.8,30.2,16.6,51,0,6.3,3.9,9.4,151.875
31,1,21.9,30.2,16.2,53,0,6.3,3.7,7.6,146.79167
32,2,21.2,29.3,16.4,63,0,6.3,5.2,9.4,177.625
33,3,21.4,28.6,15,58,0,6.3,3.9,9.4,20.416666
34,4,,,,,,,,,52.291668
35,5,,,,,,,,,56.25
36,6,,,,,,,,,20.75
37,7,22.3,30.2,16.3,48,0,6.3,4.1,5.4,37.625
38,8,22.7,30.6,15.7,50,0,6.3,3.7,9.4,25.791666
39,9,22.2,30.6,15.5,54,0,6.3,3.3,5.4,62.25
40,10,,,,,,,,,69.375
41,11,,,,,,,,,185.08333
42,12,,,,,,,,,190.5
43,13,24,32,17.7,50,0,6.9,1.3,3.5,120.208336
44,14,24.7,32.7,17.9,43,0,6.3,0.9,3.5,137.125
45,15,24.9,33,16.5,32,0,6.3,0.9,3.5,197.08333
46,16,,,,,,,,,161.91667
47,17,,,,,,,,,161.375
48,18,,,,,,,,,144.16667
49,19,24.5,33.1,18.6,39,0,6.3,1.9,3.5,166.375
50,20,24.2,32.1,16.9,37,0,6.9,3.3,11.1,126.583336
51,21,23.7,31.7,17.3,41,0,6.9,3.1,5.4,94.916664
52,22,,,,,,,,,64.958336
53,23,,,,,,,,,157.25
54,24,,,,,,,,,182.54167
55,25,24.6,32.4,17,27,0,6.9,0.9,3.5,133.95833
56,26,25.6,33.5,17.2,42,0,6.9,2.2,5.4,69.25
57,27,26.1,33.6,20.1,46,0,6.9,3.5,5.4,79.291664
58,28,,,,,,,,,92.041664
59,1,25.2,32.6,20.8,62,0,6.9,3.7,7.6,113.875
60,2,25.8,32.6,21.4,62,0,6.9,2.2,3.5,149.625
61,3,23.4,32.4,19.9,77,22.1,6.3,1.9,3.5,61.125
62,4,,,,,,,,,28.458334
63,5,,,,,,,,,103.416664
64,6,,,,,,,,,40.5
65,7,25.8,31.4,21.3,63,0,6.6,2.6,5.4,34.375
66,8,25.3,31.5,20.1,59,0,6.9,3.3,5.4,22.708334
67,9,24.5,31.5,19.6,65,0,6.9,2.2,3.5,60.125
68,10,,,,,,,,,65.375
69,11,,,,,,,,,249.5
70,12,,,,,,,,,236.41667
71,13,24.5,31.2,18.6,54,0,6.9,3.9,5.4,128.83333
72,14,25.1,32.7,18.4,48,0,6.9,1.9,3.5,56.333332
73,15,25.8,32.7,20.4,55,0,6.9,3,5.4,20.291666
74,16,,,,,,,,,34.458332
75,17,,,,,,,,,56.791668
76,18,,,,,,,,,48.916668
77,19,26.5,35.1,19.6,44,0,6.9,2.2,5.4,59.166668
78,20,26.9,34.7,19.5,25,0,6.9,2,5.4,83.833336
79,21,27.1,34.7,19.6,26,0,6.9,0,-,89.375
80,22,,,,,,,,,65.833336
81,23,,,,,,,,,58.666668
82,24,,,,,,,,,67.083336
83,25,27.9,35.8,22.3,43,0,6.3,3,5.4,101.375
84,26,27,34.5,21,47,0,6.3,2.8,3.5,109.75
85,27,26.3,34.5,19.9,46,0,6.3,2.2,3.5,42.916668
86,28,,,,,,,,,84.416664
87,29,,,,,,,,,97.083336
88,30,,,,,,,,,21.583334
89,31,26.5,33.8,22.3,58,0,6.9,1.9,3.5,47.25
90,1,26.9,33.4,21.6,56,1.27,6.9,2.2,3.5,144.75
91,2,27.9,35.1,22.4,53,0,6.9,2.4,5.4,114.208336
92,3,28,35.1,22.8,54,0,6.9,2.8,3.5,87.791664
93,4,,,,,,,,,23.666666
94,5,,,,,,,,,76.5
95,6,,,,,,,,,70.083336
96,7,28.9,35.5,22.7,52,0,6.9,1.5,7.6,71.291664
97,8,28.2,35.5,24.1,55,0,6.9,3.1,3.5,27.125
98,9,28.1,35,23,54,0,6.9,4.1,9.4,54.25
99,10,,,,,,,,,75.625
100,11,,,,,,,,,269.58334
101,12,,,,,,,,,187.875
102,13,21.3,29,18.8,77,11.94,6.3,1.3,3.5,54.708332
103,14,23.2,30.5,18.1,71,8.89,6.9,0.7,5.4,52.625
104,15,23.2,30.5,19.8,80,0,6.3,1.5,7.6,51.375
105,16,,,,,,,,,45.5
106,17,,,,,,,,,56.833332
107,18,,,,,,,,,100.416664
108,19,26.8,32.3,21.4,54,0,7.7,0,-,94.333336
109,20,26.6,32.3,21.9,62,0,6.9,1.3,3.5,92.916664
110,21,26.8,32.3,21.7,63,0,6.9,0.4,3.5,80.208336
111,22,,,,,,,,,76.666664
112,23,,,,,,,,,56.875
113,24,,,,,,,,,98.375
114,25,23.9,33.4,19.8,70,35.56,6.6,4.3,22.2,71.666664
115,26,23.7,31.3,19.2,70,35.81,6.3,0.4,3.5,31.833334
116,27,25.5,31.1,20.8,68,5.08,6.9,1.3,3.5,47.666668
117,28,,,,,,,,,38.25
118,29,,,,,,,,,41.375
119,30,,,,,,,,,48.416668
120,1,26.8,33.8,20.1,61,9.65,6.9,1.9,3.5,118.458336
121,2,24.5,33.8,20.4,73,0,6.9,2.2,7.6,97.5
122,3,25.7,33.3,20,65,12.19,6.9,1.9,7.6,95.375
123,4,,,,,,,,,67.041664
124,5,,,,,,,,,136.25
125,6,,,,,,,,,108.666664
126,7,26.6,30.8,22.2,68,0,6.9,1.3,3.5,111.083336
127,8,27.7,33.4,22.2,61,0,6.9,2,5.4,42.458332
128,9,25.9,33.4,23.3,62,0,6,3.1,7.6,43.083332
129,10,,,,,,,,,88.958336
130,11,,,,,,,,,135.375
131,12,,,,,,,,,252.54167
132,13,24.2,32,21.9,71,2.54,6.9,0.2,1.9,48.5
133,14,24.9,29.6,21.6,71,0.25,6.9,1.9,3.5,55.083332
134,15,24.9,31.2,22.2,77,0,6.3,3.1,7.6,67.458336
135,16,,,,,,,,,75.041664
136,17,,,,,,,,,63.958332
137,18,,,,,,,,,32.583332
138,19,24.8,32,20.2,78,0,6.3,4.6,11.1,18.875
139,20,26.3,33,19.1,76,39.12,6.9,5.2,7.6,61.5
140,21,26.6,33,22.5,75,0,6.9,7.6,18.3,68.916664
141,22,,,,,,,,,42.125
142,23,,,,,,,,,43.125
143,24,,,,,,,,,60.75
144,25,27.3,33.3,22.3,63,0,6.3,5.6,9.4,77.375
145,26,27.1,33,22.3,66,0,6.3,5.2,9.4,63.916668
146,27,25.2,32.2,19.2,72,0,6.9,6.5,9.4,63.666668
147,28,,,,,,,,,139.125
148,29,,,,,,,,,60.083332
149,30,,,,,,,,,81.5
150,31,24.2,32.2,19.9,81,0,6.6,5.4,9.4,63.625
151,1,24.3,31,19.9,77,0,6.6,3.7,7.6,170.91667
152,2,24.5,31,20.7,78,0,6.9,4.8,7.6,162.0
153,3,24.6,30.5,21.2,81,0.25,6.9,2.4,5.4,81.958336
154,4,,,,,,,,,90.0
155,5,,,,,,,,,117.916664
156,6,,,,,,,,,76.25
157,7,26.2,32,21.6,65,0,6.9,7.4,14.8,32.0
158,8,25.4,31.2,21.3,72,0.51,6.9,7.8,14.8,35.5
159,9,24.7,31.2,21.2,76,3.05,6.9,6.3,9.4,37.416668
160,10,,,,,,,,,93.25
161,11,,,,,,,,,166.16667
162,12,,,,,,,,,312.625
163,13,23.7,29.7,20.5,80,0.51,6.9,5,7.6,31.875
164,14,22.6,29.7,20.1,84,18.54,6.9,5.7,11.1,54.958332
165,15,24.1,29,19.8,72,0,5.8,5.4,11.1,77.75
166,16,,,,,,,,,82.0
167,17,,,,,,,,,87.875
168,18,,,,,,,,,92.541664
169,19,23.1,27.4,21.2,83,0,5.5,8.1,14.8,75.333336
170,20,23.2,28.3,20.8,80,1.78,6.3,12,16.5,32.583332
171,21,22.7,28.3,20.6,85,0.51,5.5,6.9,11.1,28.375
172,22,,,,,,,,,28.125
173,23,,,,,,,,,52.833332
174,24,,,,,,,,,93.416664
175,25,24.5,30.6,21.1,78,0.51,6.9,8.3,11.1,28.541666
176,26,23.7,30.6,21.4,81,0,6.9,8.9,11.1,51.041668
177,27,24.1,29,20.4,76,0,6.9,12.2,18.3,40.0
178,28,,,,,,,,,52.458332
179,29,,,,,,,,,30.541666
180,30,,,,,,,,,37.625
181,1,24.6,30.7,20.6,71,0,6.9,5.2,7.6,227.0
182,2,24.2,30.3,20.4,75,0,6.3,8.1,14.8,161.16667
183,3,24.6,30.2,20.4,76,0,6.3,5.7,7.6,49.583332
184,4,,,,,,,,,49.5
185,5,,,,,,,,,76.875
186,6,,,,,,,,,64.833336
187,7,23.7,30.7,19.3,74,3.05,6.9,6.9,11.1,42.291668
188,8,23.8,30.6,20.2,76,0,6.9,6.7,14.8,31.333334
189,9,24,29.2,20.8,78,7.11,6.3,6.9,11.1,34.666668
190,10,,,,,,,,,112.291664
191,11,,,,,,,,,365.75
192,12,,,,,,,,,286.375
193,13,25.4,31.6,20.8,71,0,6.9,6.5,11.1,26.875
194,14,25.2,31.6,21.4,73,0,6.9,6.5,11.1,30.708334
195,15,23.9,30,21.2,77,0,6.9,7.8,11.1,10.208333
196,16,,,,,,,,,0.0
197,17,,,,,,,,,25.083334
198,18,,,,,,,,,47.5
199,19,21.8,29.8,20,86,12.19,4.8,8.1,14.8,43.041668
200,20,22.6,29,18.8,84,2.03,5.3,6.1,9.4,19.416666
201,21,22.4,29,20.1,88,26.16,5.5,4.3,9.4,8.416667
202,22,,,,,,,,,20.916666
203,23,,,,,,,,,19.75
204,24,,,,,,,,,15.75
205,25,23.2,28.1,20.1,83,1.02,6.9,6.1,11.1,0.0
206,26,23.3,27.8,20.4,79,0,6.9,6.3,9.4,0.0
207,27,23.4,28,20.8,79,0,5.5,8.3,11.1,4.8333335
208,28,,,,,,,,,8.291667
209,29,,,,,,,,,9.333333
210,30,,,,,,,,,5.0416665
211,31,23.9,29.9,20,76,0,6.9,5,7.6,15.375
212,1,23.7,30.3,20.6,76,0.25,6.9,5.2,7.6,231.25
213,2,24,30.3,20.6,75,3.05,6.9,6.5,9.4,136.75
214,3,23.6,28.8,21,77,0,6.3,5.9,11.1,34.916668
215,4,,,,,,,,,75.166664
216,5,,,,,,,,,86.375
217,6,,,,,,,,,63.0
218,7,22.6,29.3,20.3,83,0.25,5.5,5.7,9.4,45.666668
219,8,23.6,28.5,20.4,79,0,6.3,6.1,7.6,47.416668
220,9,23.3,28.5,20.6,80,2.03,6.9,3.7,7.6,39.208332
221,10,,,,,,,,,97.708336
222,11,,,,,,,,,241.875
223,12,,,,,,,,,288.08334
224,13,23.4,27.6,20,83,0,6.9,5.6,9.4,39.041668
225,14,24.6,29.4,20.7,77,0,6.3,4.8,9.4,41.708332
226,15,25.2,31.1,20.5,72,0,6.9,5.2,9.4,28.75
227,16,,,,,,,,,31.0
228,17,,,,,,,,,37.791668
229,18,,,,,,,,,34.041668
230,19,25.6,31.2,22.3,79,0.76,6.9,3.3,5.4,12.25
231,20,25.3,31.6,22.4,74,0,6.3,3.9,9.4,14.5
232,21,23.4,31.6,21,80,0.76,6.9,3.3,11.1,23.916666
233,22,,,,,,,,,26.458334
234,23,,,,,,,,,25.333334
235,24,,,,,,,,,24.208334
236,25,24.4,29.6,19.7,67,0,6.9,3.1,7.6,27.375
237,26,23.8,30.1,19.6,71,0,6.3,3.9,7.6,29.208334
238,27,22.5,30.1,20.3,86,1.78,6.3,4.6,7.6,36.5
239,28,,,,,,,,,57.25
240,29,,,,,,,,,38.666668
241,30,,,,,,,,,28.5
242,31,25.1,29.7,20.8,69,-,6.9,4.3,5.4,27.833334
243,1,25.5,31,21.1,66,0.51,7.7,3.1,5.4,272.125
244,2,25.4,31,21.6,67,0,6.9,2.8,5.4,50.916668
245,3,25.7,31.7,22,70,-,6.6,2,3.5,47.5
246,4,,,,,,,,,53.125
247,5,,,,,,,,,77.708336
248,6,,,,,,,,,73.833336
249,7,22.4,30.8,20,87,37.08,6,3,5.4,40.625
250,8,23,28.5,19.8,82,36.58,6.9,5.9,7.6,33.791668
251,9,22.9,27.6,20.5,82,0,6.9,5.6,9.4,38.708332
252,10,,,,,,,,,80.708336
253,11,,,,,,,,,176.875
254,12,,,,,,,,,302.45834
255,13,23.7,29.7,19.3,75,5.08,7.7,5.6,9.4,69.958336
256,14,23.5,29.7,19.4,76,0,6.3,7.8,11.1,94.375
257,15,23.1,28,19.3,75,0,6.3,9.4,18.3,85.75
258,16,,,,,,,,,80.666664
259,17,,,,,,,,,93.666664
260,18,,,,,,,,,39.5
261,19,24.2,29.4,20.2,76,0,6.3,3.7,11.1,51.666668
262,20,22.9,29.4,20.4,83,0,5.5,6.3,11.1,39.416668
263,21,23.6,29.4,19.2,77,7.11,6.9,2.8,7.6,23.958334
264,22,,,,,,,,,19.916666
265,23,,,,,,,,,11.5
266,24,,,,,,,,,32.958332
267,25,24.3,33.2,18.7,76,18.8,6.9,1.3,3.5,43.5
268,26,23.2,30.3,20,82,9.14,6.9,2.2,5.4,50.416668
269,27,23.8,31.6,20.2,78,0.51,6,2.4,5.4,55.708332
270,28,,,,,,,,,47.083332
271,29,,,,,,,,,51.458332
272,30,,,,,,,,,35.541668
273,1,24.5,30,21,77,0.51,6.9,2,5.4,205.25
274,2,24.6,30,21.7,78,2.54,6.3,3.5,5.4,117.208336
275,3,24.7,29.8,21.3,77,0.25,6.9,3.9,9.4,81.291664
276,4,,,,,,,,,76.25
277,5,,,,,,,,,73.416664
278,6,,,,,,,,,29.5
279,7,24.2,30.2,20.3,79,6.6,6.9,3.9,9.4,28.25
280,8,24,30.2,20.9,77,4.32,6.9,3.5,5.4,54.875
281,9,24.3,29.4,20.6,75,0,6.9,7.2,11.1,31.375
282,10,,,,,,,,,69.25
283,11,,,,,,,,,205.0
284,12,,,,,,,,,261.25
285,13,25.1,31,21.2,62,0,6.9,1.9,3.5,81.625
286,14,25.1,32.1,19.6,52,0,6.9,2.2,3.5,65.375
287,15,25.2,32.1,19.7,59,0,6.9,0.7,3.5,84.375
288,16,,,,,,,,,115.875
289,17,,,,,,,,,140.16667
290,18,,,,,,,,,175.375
291,19,25.6,31.8,20.6,62,0,6.9,3.5,5.4,141.95833
292,20,25.5,31.4,21.5,63,0,5.5,2,5.4,153.375
293,21,24.9,30.6,21.4,61,0,6.3,2,5.4,162.875
294,22,,,,,,,,,115.708336
295,23,,,,,,,,,100.625
296,24,,,,,,,,,91.125
297,25,24.2,31.8,17.8,60,0,6.3,3.5,5.4,0.0
298,26,24.4,29.8,20,62,0,6.9,3,5.4,49.333332
299,27,24.4,29.6,20.6,67,-,6.9,0.9,3.5,107.333336
300,28,,,,,,,,,80.166664
301,29,,,,,,,,,84.041664
302,30,,,,,,,,,97.25
303,31,24.7,30.8,20.6,72,0,7.7,1.3,3.5,273.625
304,1,23.4,29.5,21.7,83,1.02,6.3,0,-,256.0
305,2,23.1,30.9,20,83,51.05,5.5,1.1,5.4,146.75
306,3,21.8,30.9,19.5,87,7.11,6.3,1.5,5.4,111.458336
307,4,,,,,,,,,69.041664
308,5,,,,,,,,,74.75
309,6,,,,,,,,,56.375
310,7,23.7,28.5,20.8,69,0,6.6,1.5,3.5,20.5
311,8,23,28.5,19.3,76,0,6.3,0.9,3.5,49.625
312,9,20.2,27.3,18.4,92,0,4,3.5,5.4,16.583334
313,10,,,,,,,,,55.916668
314,11,,,,,,,,,113.625
315,12,,,,,,,,,269.125
316,13,19.3,24.6,17,88,14.22,6.3,0.7,3.5,353.04166
317,14,20.2,24.8,16.1,75,0,5.5,0.9,3.5,257.41666
318,15,19.1,24.8,17.7,89,0,4,2,5.4,204.75
319,16,,,,,,,,,160.95833
320,17,,,,,,,,,130.75
321,18,,,,,,,,,174.79167
322,19,21.7,24.6,19.5,90,14.48,4,1.9,3.5,207.83333
323,20,22,26.4,19.8,87,0.51,5.8,2.2,5.4,268.16666
324,21,21.9,26.4,19.6,85,14.22,6.9,2,5.4,278.33334
325,22,,,,,,,,,256.70834
326,23,,,,,,,,,279.58334
327,24,,,,,,,,,280.20834
328,25,21.4,27.5,17.5,66,0,6.9,0.2,1.9,157.5
329,26,22.6,28,17.7,74,0,6.3,0,-,156.375
330,27,22.7,28.9,18.6,64,0,6.9,1.3,3.5,200.5
331,28,,,,,,,,,267.04166
332,29,,,,,,,,,272.08334
333,30,,,,,,,,,337.125
334,1,21.1,23.8,19.8,91,0,6.3,0.7,5.4,272.41666
335,2,21,23.9,19.6,93,1.02,6.3,0.9,3.5,166.33333
336,3,21.5,24.9,18.9,87,2.79,6.9,0.9,3.5,133.04167
337,4,,,,,,,,,41.166668
338,5,,,,,,,,,73.666664
339,6,,,,,,,,,30.375
340,7,22.3,28.7,17.5,70,0,6.3,1.3,5.4,19.0
341,8,21.5,28.7,17,68,0,6.3,2.2,5.4,35.041668
342,9,21.4,28.2,18.4,83,0.51,5.8,1.1,3.5,66.833336
343,10,,,,,,,,,62.708332
344,11,,,,,,,,,296.875
345,12,,,,,,,,,249.95833
346,13,24.1,30.9,20.4,70,0,6.9,2,5.4,163.0
347,14,23.6,30.9,19.6,79,0,6.3,2.8,5.4,161.375
348,15,23.3,29.9,20,71,0,6.3,1.9,3.5,157.375
349,16,,,,,,,,,162.875
350,17,,,,,,,,,244.16667
351,18,,,,,,,,,239.79167
352,19,22.4,28.3,18.9,71,0,6.3,2.2,5.4,245.91667
353,20,22.2,28.4,18.8,73,0,6.9,1.9,5.4,264.58334
354,21,22.2,28.8,18.3,65,0,6.9,2.4,5.4,253.29167
355,22,,,,,,,,,338.625
356,23,,,,,,,,,431.83334
357,24,,,,,,,,,215.25
358,25,21.8,29.3,16.3,65,0,6.3,1.5,3.5,181.20833
359,26,21.8,28.2,18.2,67,0,6,2.4,5.4,210.875
360,27,21.8,27.7,17.9,72,0,5.3,2.8,5.4,255.33333
361,28,,,,,,,,,199.91667
362,29,,,,,,,,,245.5
363,30,,,,,,,,,201.8
364,31,-,-,-,-,-,-,-,-,140.84
365,,,,,,,,,,216.0
366,,,,,,,,,,67.0
367,,,,,,,,,,48.0
368,,,,,,,,,,75.0
369,,,,,,,,,,100.0
370,,,,,,,,,,143.0
371,,,,,,,,,,200.0
372,,,,,,,,,,195.0
373,,,,,,,,,,220.0
374,,,,,,,,,,253.0
375,,,,,,,,,,262.0
376,,,,,,,,,,287.0
377,,,,,,,,,,297.0
378,,,,,,,,,,281.0
379,,,,,,,,,,236.0
380,,,,,,,,,,206.0
381,,,,,,,,,,171.0
382,,,,,,,,,,134.0
383,,,,,,,,,,113.0
384,,,,,,,,,,101.0
