,index,Day,T,TM,Tm,H,PP,VV,V,VM,PM2.5
0,0,1,23.4,30.3,19,59,0,6.3,4.3,5.4,284.79584
1,1,2,22.4,30.3,16.9,57,0,6.9,3.3,7.6,332.70834
2,2,3,24,31.8,16.9,51,0,6.9,2.8,5.4,21.208334
3,3,4,,,,,,,,,23.208334
4,4,5,,,,,,,,,94.75
5,5,6,,,,,,,,,38.666668
6,6,7,22.8,30.2,17.6,55,0,7.7,3.7,7.6,61.875
7,7,8,23.1,30.6,17.4,46,0,6.9,3.3,5.4,41.375
8,8,9,22.9,30.6,17.4,51,0,6.9,3.5,3.5,33.166668
9,9,10,,,,,,,,,30.333334
10,10,11,,,,,,,,,99.708336
11,11,12,,,,,,,,,118.916664
12,12,13,22.3,30.1,15.7,43,0,6.9,2.8,5.4,285.225
13,13,14,21.8,30.6,14.8,41,0,6.9,1.9,5.4,236.825
14,14,15,21.6,30.6,14.2,43,0,6.9,3.1,7.6,276.90833
15,15,16,,,,,,,,,245.65
16,16,17,,,,,,,,,218.67084
17,17,18,,,,,,,,,47.825
18,18,19,21.6,29.6,16.4,58,0,6.9,2.2,3.5,108.0
19,19,20,21.9,29.6,16.6,58,0,6.9,2.4,5.4,107.625
20,20,21,22.3,29.9,17.5,55,0,6.9,3.1,5.4,125.89167
21,21,22,,,,,,,,,179.30833
22,22,23,,,,,,,,,239.85
23,23,24,,,,,,,,,220.19167
24,24,25,21.6,29.1,15.5,47,0,7.7,4.8,7.6,181.0125
25,25,26,21.8,29.2,14.6,41,0,6.9,2.8,3.5,152.55417
26,26,27,22.3,30.1,15.6,40,0,6.9,2.4,5.4,152.32083
27,27,28,,,,,,,,,171.42917
28,28,29,,,,,,,,,251.375
29,29,30,,,,,,,,,251.82916
30,30,31,22.1,29.8,17.3,54,0,6.9,5.2,9.4,319.7375
31,31,1,21.6,29.2,15.3,51,0,6.9,3.9,5.4,219.72084
32,32,2,21.4,29.2,15.2,45,0,6.9,2.8,5.4,279.6
33,33,3,21.8,29.6,14.4,37,0,7.4,2.2,3.5,1.9166666
34,34,4,,,,,,,,,15.166667
35,35,5,,,,,,,,,142.5
36,36,6,,,,,,,,,45.375
37,37,7,24.6,32.2,18.8,55,0,6.9,2.2,3.5,0.0
38,38,8,24.6,32.2,21,63,0.51,5.5,3.9,9.4,25.541666
39,39,9,23.9,31.6,19,51,0,6.6,5.9,9.4,30.625
40,40,10,,,,,,,,,26.666666
41,41,11,,,,,,,,,217.375
42,42,12,,,,,,,,,176.375
43,43,13,24.5,31.5,18.9,49,0,6.9,4.8,9.4,132.20833
44,44,14,23.9,31.5,19.7,64,0,6.3,5.2,9.4,127.708336
45,45,15,24.3,31.4,20.2,68,0,6.9,3.5,5.4,109.333336
46,46,16,,,,,,,,,0.0
47,47,17,,,,,,,,,0.0
48,48,18,,,,,,,,,0.0
49,49,19,24.8,31.8,20.5,62,0,6.3,2,5.4,56.458332
50,50,20,24.5,32.2,19.7,59,0,6.6,3.9,5.4,135.83333
51,51,21,24.3,32.2,18,47,0,6.9,5,9.4,122.5
52,52,22,,,,,,,,,119.333336
53,53,23,,,,,,,,,67.125
54,54,24,,,,,,,,,46.708332
55,55,25,24.1,33.4,15.9,29,0,7.7,3.5,5.4,69.666664
56,56,26,24.7,32.4,16.3,30,0,6.9,5,9.4,79.833336
57,57,27,24.7,32.4,16.9,32,0,6.9,0.9,3.5,62.708332
58,58,28,,,,,,,,,81.041664
59,59,1,25.5,33,18.5,26,0,6.9,3.9,5.4,182.1875
60,60,2,25.5,33,18.9,34,0,6.9,4.6,7.6,179.11667
61,61,3,25.3,33.2,18.5,31,0,6.9,3.5,5.4,1.8333334
62,62,4,,,,,,,,,21.25
63,63,5,,,,,,,,,133.375
64,64,6,,,,,,,,,65.166664
65,65,7,24,30.4,21,71,0,6.3,5.2,5.4,29.666666
66,66,8,25.4,32,20,56,0.51,6.9,3.5,5.4,28.375
67,67,9,25.8,34.1,20.3,51,0,6.6,1.5,3.5,30.333334
68,68,10,,,,,,,,,29.0
69,69,11,,,,,,,,,309.375
70,70,12,,,,,,,,,185.95833
71,71,13,27.1,34.8,20.2,30,0,6.9,3.1,5.4,111.958336
72,72,14,26.8,34.7,20.7,34,0,6.9,2.4,5.4,59.208332
73,73,15,25.3,34.2,18.9,40,0,6.9,3.9,5.4,77.208336
74,74,16,,,,,,,,,87.833336
75,75,17,,,,,,,,,90.041664
76,76,18,,,,,,,,,63.916668
77,77,19,26.9,34.6,19.9,37,0,6.9,5,5.4,98.708336
78,78,20,27.1,34.6,20.4,39,0,6.9,5,7.6,123.708336
79,79,21,26.8,34.5,20.5,32,0,6.9,4.6,7.6,64.791664
80,80,22,,,,,,,,,62.875
81,81,23,,,,,,,,,88.375
82,82,24,,,,,,,,,77.666664
83,83,25,28.1,34.8,21.3,44,0,6.3,3.9,7.6,52.333332
84,84,26,28.8,35.4,23.2,44,0,6.9,4.3,5.4,52.041668
85,85,27,28.5,35.8,22.9,39,0,6.9,3.7,7.6,128.33333
86,86,28,,,,,,,,,87.583336
87,87,29,,,,,,,,,2.9166667
88,88,30,,,,,,,,,0.0
89,89,31,28.1,36.5,22.4,57,0,6.9,3.1,5.4,0.0
90,90,1,27.2,36.5,20.7,58,11.94,6.9,4.3,7.6,115.2875
91,91,2,26.9,34.9,22.2,54,0,6.9,5,11.1,166.3
92,92,3,27.8,34.9,22.1,58,1.02,6.9,3.5,7.6,1.7916666
93,93,4,,,,,,,,,25.75
94,94,5,,,,,,,,,102.416664
95,95,6,,,,,,,,,67.083336
96,96,7,29.9,36.8,23.3,41,0,6.9,3.7,7.6,47.75
97,97,8,29.4,36.8,24.4,44,0,6.9,2,7.6,40.333332
98,98,9,29.6,36,24.5,42,0,6.9,3.9,7.6,31.75
99,99,10,,,,,,,,,34.25
100,100,11,,,,,,,,,166.91667
101,101,12,,,,,,,,,195.375
102,102,13,27.7,36.2,21.4,42,0,6.9,3.5,3.5,84.5
103,103,14,29.2,35.9,23.1,50,0,6.9,3.9,7.6,46.916668
104,104,15,27.5,35.9,22.6,56,-,6.3,5.9,11.1,104.625
105,105,16,,,,,,,,,109.625
106,106,17,,,,,,,,,63.458332
107,107,18,,,,,,,,,77.041664
108,108,19,28.2,35.8,22.5,50,0,6.9,5,7.6,110.875
109,109,20,28.9,35.7,23.3,45,0,6.9,3.5,5.4,42.958332
110,110,21,28.2,35.7,22.6,53,0,6.9,4.6,5.4,0.0
111,111,22,,,,,,,,,30.875
112,112,23,,,,,,,,,75.583336
113,113,24,,,,,,,,,106.958336
114,114,25,28.4,34.7,23.3,54,0,6.9,3.3,5.4,120.875
115,115,26,28.2,34.5,24.4,56,0,6.9,3,5.4,79.916664
116,116,27,28.4,35.3,23.3,56,0,7.7,3.3,5.4,0.0
117,117,28,,,,,,,,,0.0
118,118,29,,,,,,,,,0.0
119,119,30,,,,,,,,,38.5
120,120,1,28.7,37,22.7,43,0,6.9,3.5,5.4,0.0
121,121,2,29.6,37.6,24,51,0,6.9,4.8,7.6,78.254166
122,122,3,28.3,37.6,24,58,0.51,6.9,6.5,11.1,31.625
123,123,4,,,,,,,,,52.416668
124,124,5,,,,,,,,,101.75
125,125,6,,,,,,,,,80.041664
126,126,7,28.8,35.1,24.3,58,0,6.9,4.6,5.4,37.708332
127,127,8,28,35.1,23.4,61,0,6.9,5.9,7.6,39.333332
128,128,9,26.9,35.3,22.2,63,1.02,6.9,4.3,7.6,34.208332
129,129,10,,,,,,,,,62.708332
130,130,11,,,,,,,,,429.16666
131,131,12,,,,,,,,,151.04167
132,132,13,26.1,32.1,22.1,68,0,6.9,4.4,5.4,101.5
133,133,14,26.3,32.1,21.9,63,0,6.9,6.5,11.1,106.5
134,134,15,26.4,33.8,21.6,58,0,7.6,5.6,7.6,128.125
135,135,16,,,,,,,,,108.0
136,136,17,,,,,,,,,125.625
137,137,18,,,,,,,,,137.16667
138,138,19,26.2,35.7,22.4,71,4.06,6.9,3,5.4,101.958336
139,139,20,25.2,33.8,21.4,75,13.97,6.3,5,7.6,98.416664
140,140,21,27.3,34,20.9,64,0,6.9,5,9.4,94.375
141,141,22,,,,,,,,,118.5
142,142,23,,,,,,,,,89.541664
143,143,24,,,,,,,,,87.25
144,144,25,26.5,33.5,22,58,0,6.3,8,11.1,107.625
145,145,26,26.6,33,22,62,0,6.9,6.3,7.6,110.416664
146,146,27,25.5,33,20.6,66,0,6.9,6.3,7.6,95.833336
147,147,28,,,,,,,,,93.5
148,148,29,,,,,,,,,97.625
149,149,30,,,,,,,,,76.958336
150,150,31,23.7,31.3,20.8,81,30.99,5.8,2.8,5.4,72.25
151,151,1,21.8,29.4,20,90,-,5.5,6.1,7.6,12.379167
152,152,2,22.3,27.6,20,86,12.95,5.5,6.1,9.4,54.958332
153,153,3,22.3,27.6,19.2,85,5.08,5.5,6.3,7.6,112.083336
154,154,4,,,,,,,,,89.0
155,155,5,,,,,,,,,117.958336
156,156,6,,,,,,,,,74.166664
157,157,7,23.8,29.9,21,80,0,6.9,8.7,11.1,33.083332
158,158,8,23,28.8,20.1,77,2.03,6.3,8.1,11.1,41.833332
159,159,9,23.8,28.4,20.1,70,0,6.9,12.4,18.3,11.625
160,160,10,,,,,,,,,65.083336
161,161,11,,,,,,,,,332.45834
162,162,12,,,,,,,,,170.875
163,163,13,23.7,28.3,20,69,0,6.9,11.3,14.8,56.291668
164,164,14,23.7,28.3,20.5,70,0,6.3,9.8,16.5,77.0
165,165,15,23.4,28.6,20,74,0,6.9,9.6,11.1,32.958332
166,166,16,,,,,,,,,40.833332
167,167,17,,,,,,,,,42.541668
168,168,18,,,,,,,,,93.083336
169,169,19,24.3,29.2,20.2,71,0,7.4,8.5,11.1,80.625
170,170,20,23.6,30.2,20.3,74,0,6.9,7.2,9.4,90.708336
171,171,21,23.4,30.2,20,78,6.1,6.9,5,5.4,97.291664
172,172,22,,,,,,,,,79.833336
173,173,23,,,,,,,,,87.75
174,174,24,,,,,,,,,63.5
175,175,25,23.4,28.4,20.6,77,0,6.9,8.9,18.3,50.708332
176,176,26,22.4,27.8,20.4,87,0,6.9,5.2,5.4,40.375
177,177,27,23.5,28.5,20.6,75,14.99,6.9,5.7,7.6,49.416668
178,178,28,,,,,,,,,43.666668
179,179,29,,,,,,,,,52.166668
180,180,30,,,,,,,,,49.583332
181,181,1,23.7,29.2,19.4,70,0,6.9,8.5,14.8,154.0375
182,182,2,22.6,29.2,19.8,79,0,5.5,6.9,11.1,54.791668
183,183,3,22.2,28.1,19.9,83,3.05,6.9,6.7,11.1,105.833336
184,184,4,,,,,,,,,81.833336
185,185,5,,,,,,,,,147.83333
186,186,6,,,,,,,,,66.083336
187,187,7,23.3,29.6,20.6,76,10.92,6.3,5,9.4,49.125
188,188,8,23.8,28.7,20.5,73,0,6.9,5.7,9.4,50.333332
189,189,9,22.6,28.8,20.4,82,0,6.9,5.6,7.6,0.0
190,190,10,,,,,,,,,61.708332
191,191,11,,,,,,,,,321.54166
192,192,12,,,,,,,,,239.125
193,193,13,22.2,27.3,20.2,84,0,6.3,5.9,9.4,35.208332
194,194,14,23.1,27.4,19.8,79,6.1,6.3,5,7.6,37.625
195,195,15,23.1,28.3,20.2,81,3.05,5.8,4.6,7.6,41.458332
196,196,16,,,,,,,,,53.125
197,197,17,,,,,,,,,54.875
198,198,18,,,,,,,,,65.75
199,199,19,21.4,27,19.7,90,9.91,6.3,5.4,7.6,38.583332
200,200,20,21.3,27,19.7,93,49.02,6.3,5.4,7.6,36.0
201,201,21,22.5,26,19.9,84,5.08,6.3,5.9,7.6,70.583336
202,202,22,,,,,,,,,52.458332
203,203,23,,,,,,,,,36.583332
204,204,24,,,,,,,,,45.583332
205,205,25,23.1,27.6,19.8,75,1.02,6.9,9.8,11.1,33.166668
206,206,26,22.6,27.6,20,77,0,6.9,8.1,11.1,38.25
207,207,27,22.3,27.4,19.7,84,0.76,6.9,6.7,11.1,26.583334
208,208,28,,,,,,,,,57.583332
209,209,29,,,,,,,,,30.708334
210,210,30,,,,,,,,,35.375
211,211,31,22,26.9,20,76,0,6.9,11.7,22.2,15.416667
212,212,1,22.4,26.2,20,79,0,6.6,9.8,14.8,223.20833
213,213,2,23.2,28.4,20.1,78,0.25,6.9,9.8,11.1,93.375
214,214,3,22.7,28.4,20.2,80,0,6.3,6.7,11.1,117.583336
215,215,4,,,,,,,,,105.333336
216,216,5,,,,,,,,,158.29167
217,217,6,,,,,,,,,77.666664
218,218,7,23.4,28,20.1,76,0,6.9,6.3,7.6,43.666668
219,219,8,23.9,29.5,20.6,74,0,6.3,6.1,9.4,35.375
220,220,9,23.7,29.5,20.9,76,0,6.9,6.3,9.4,0.0
221,221,10,,,,,,,,,60.541668
222,222,11,,,,,,,,,278.0
223,223,12,,,,,,,,,365.29166
224,224,13,22.9,27.8,20.4,83,0,6.3,4.4,5.4,35.291668
225,225,14,21.3,27.8,19.8,88,7.87,5.5,4.6,7.6,26.833334
226,226,15,20.7,25.1,19,89,21.34,6.9,4.4,5.4,21.125
227,227,16,,,,,,,,,18.0
228,228,17,,,,,,,,,28.041666
229,229,18,,,,,,,,,34.875
230,230,19,22.6,26.8,19.6,81,1.52,6.3,8.5,14.8,35.708332
231,231,20,22.4,26.7,19.7,81,0,5.5,6.7,9.4,43.583332
232,232,21,22.7,28.4,20.1,77,5.59,6.9,6.7,7.6,46.041668
233,233,22,,,,,,,,,28.75
234,234,23,,,,,,,,,70.541664
235,235,24,,,,,,,,,58.541668
236,236,25,22.4,26.7,19.5,82,14.48,6.3,5.2,7.6,82.875
237,237,26,23.9,29,19.5,73,0.25,6.3,4.6,7.6,64.916664
238,238,27,24.2,29.7,19.9,69,0,6.9,3.9,5.4,30.666666
239,239,28,,,,,,,,,31.75
240,240,29,,,,,,,,,41.041668
241,241,30,,,,,,,,,45.25
242,242,31,24.6,30.1,21.9,77,1.52,6.9,1.5,5.4,34.416668
243,243,1,24.3,30.8,19.2,72,22.86,6.9,0.9,3.5,200.64583
244,244,2,23.9,31.4,19,76,79.76,6.9,1.5,5.4,103.0
245,245,3,22.9,31.4,19.5,80,12.45,6.9,3.7,11.1,122.708336
246,246,4,,,,,,,,,117.75
247,247,5,,,,,,,,,149.58333
248,248,6,,,,,,,,,70.25
249,249,7,22.2,27.7,20,85,0,6.3,4.8,7.6,29.833334
250,250,8,21.8,25.4,19.5,89,3.05,5.5,2.8,5.4,31.916666
251,251,9,21.7,25.4,19.1,84,60.71,5.5,3.3,5.4,0.0
252,252,10,,,,,,,,,41.583332
253,253,11,,,,,,,,,192.33333
254,254,12,,,,,,,,,312.20834
255,255,13,22.9,27.4,19.8,87,42.42,6.6,4.1,5.4,76.875
256,256,14,23.2,27.5,20.5,87,27.18,6.9,3,5.4,83.458336
257,257,15,23,27.5,20.6,84,1.52,4.8,4.4,5.4,71.666664
258,258,16,,,,,,,,,65.625
259,259,17,,,,,,,,,53.375
260,260,18,,,,,,,,,56.083332
261,261,19,23.2,28.8,20.5,81,0,6.3,7.6,11.1,69.708336
262,262,20,22.1,28.4,20.6,85,0,6.9,8,18.3,62.375
263,263,21,23.1,27.9,20.2,80,1.78,6.9,5.9,11.1,24.875
264,264,22,,,,,,,,,37.333332
265,265,23,,,,,,,,,50.125
266,266,24,,,,,,,,,46.541668
267,267,25,23.8,28.3,19.4,73,0,7.7,3.9,5.4,43.958332
268,268,26,24.7,30.4,19.5,68,0,9.2,5,7.6,41.5
269,269,27,24.9,30.8,20,64,0,7.7,4.4,7.6,38.791668
270,270,28,,,,,,,,,48.916668
271,271,29,,,,,,,,,76.916664
272,272,30,,,,,,,,,34.458332
273,273,1,23.8,29.5,19.6,73,0,6.9,5,7.6,154.875
274,274,2,24.2,29.5,21.1,73,0,6.9,6.3,11.1,211.125
275,275,3,23.6,28.9,20.3,72,0,6.3,4.8,7.6,76.541664
276,276,4,,,,,,,,,20.791666
277,277,5,,,,,,,,,107.291664
278,278,6,,,,,,,,,75.125
279,279,7,24.8,30,20.2,73,-,7.7,4.1,5.4,29.666666
280,280,8,23.9,30,21.1,81,6.6,6.3,3.1,5.4,36.791668
281,281,9,23.2,28.4,19.2,80,22.35,6.3,3.7,9.4,0.0
282,282,10,,,,,,,,,50.916668
283,283,11,,,,,,,,,235.33333
284,284,12,,,,,,,,,237.625
285,285,13,23.9,28.9,20,71,0,6.9,6.7,7.6,80.041664
286,286,14,24.9,30.8,20.6,70,0,6.9,4.8,7.6,82.833336
287,287,15,24.1,30.8,21.6,79,-,6.3,3.3,5.4,95.25
288,288,16,,,,,,,,,115.833336
289,289,17,,,,,,,,,149.66667
290,290,18,,,,,,,,,145.58333
291,291,19,24.4,30.5,20.3,72,0,6.9,1.5,7.6,126.166664
292,292,20,21.9,30.4,20.1,81,3.3,6.3,0.9,5.4,136.70833
293,293,21,21.5,27.2,19.5,85,1.02,6.9,2.6,7.6,160.66667
294,294,22,,,,,,,,,173.58333
295,295,23,,,,,,,,,168.625
296,296,24,,,,,,,,,174.66667
297,297,25,23.2,27,20.7,81,5.59,6.3,3.3,5.4,245.66667
298,298,26,23.4,29.4,20.7,78,0,6.9,4.3,5.4,261.66666
299,299,27,23.3,29.4,19.8,80,23.37,5.5,3.5,5.4,272.41666
300,300,28,,,,,,,,,226.29167
301,301,29,,,,,,,,,291.70834
302,302,30,,,,,,,,,207.33333
303,303,31,23.4,28.7,18.6,71,0,6.3,1.3,5.4,149.625
304,304,1,24.2,29.6,19.6,73,0,6.9,2.2,5.4,129.3875
305,305,2,23.3,29.6,19.9,80,2.03,5.8,3.9,7.6,192.29167
306,306,3,22.9,29,20,78,0.76,6,4.3,7.6,159.08333
307,307,4,,,,,,,,,64.791664
308,308,5,,,,,,,,,96.25
309,309,6,,,,,,,,,37.166668
310,310,7,23.3,29,19,69,0,6.3,2.8,5.4,56.708332
311,311,8,22.2,29,18.4,69,0,6.9,1.5,5.4,33.291668
312,312,9,22.2,28.2,17.3,68,0,6.9,2.2,5.4,0.0
313,313,10,,,,,,,,,40.958332
314,314,11,,,,,,,,,153.29167
315,315,12,,,,,,,,,179.33333
316,316,13,21.8,28.6,18.5,71,0,6.3,0,-,224.16667
317,317,14,22,28,17.8,67,0,5.5,1.1,3.5,196.75
318,318,15,21.4,28,15.6,63,0,6.3,1.1,3.5,221.54167
319,319,16,,,,,,,,,210.54167
320,320,17,,,,,,,,,251.20833
321,321,18,,,,,,,,,172.83333
322,322,19,22.4,29,16.8,74,0,6.3,1.9,3.5,166.70833
323,323,20,22.3,29,18.2,68,0,6.3,1.3,3.5,130.70833
324,324,21,22.7,30,16.5,65,0,6.9,1.1,3.5,194.70833
325,325,22,,,,,,,,,250.875
326,326,23,,,,,,,,,274.875
327,327,24,,,,,,,,,207.91667
328,328,25,22.5,28.5,19.8,80,0.51,6.3,2,5.4,134.45833
329,329,26,23.1,29.2,19.2,74,2.29,6.9,1.1,5.4,110.0
330,330,27,22.7,29.2,18.8,67,0,6.9,0.4,3.5,160.0
331,331,28,,,,,,,,,217.91667
332,332,29,,,,,,,,,184.20833
333,333,30,,,,,,,,,130.91667
334,334,1,23.1,29.9,20,76,0.25,6.9,3.1,5.4,224.24583
335,335,2,22.5,28.3,19.4,74,0,7.7,2.4,5.4,152.0
336,336,3,21.9,28,18.4,67,0,6.9,3.1,5.4,147.95833
337,337,4,,,,,,,,,87.375
338,338,5,,,,,,,,,76.25
339,339,6,,,,,,,,,57.375
340,340,7,20.2,28.4,15.7,67,0,6.3,1.9,3.5,39.25
341,341,8,21.3,28,16.8,68,0,6.9,0.9,3.5,35.5
342,342,9,21.2,28.7,15.9,54,0,6.9,0.7,5.4,26.166666
343,343,10,,,,,,,,,60.666668
344,344,11,,,,,,,,,171.54167
345,345,12,,,,,,,,,122.541664
346,346,13,22.3,27,18.6,71,0,6.3,3.5,5.4,121.333336
347,347,14,22.6,27.7,19.5,75,0,6.3,3.5,5.4,202.875
348,348,15,22.3,30.3,16,56,0,6,1.3,3.5,260.16666
349,349,16,,,,,,,,,403.95834
350,350,17,,,,,,,,,455.58334
351,351,18,,,,,,,,,382.70834
352,352,19,20.2,27.2,14.7,66,0,6.9,0.9,3.5,277.70834
353,353,20,20.4,28.9,14.5,65,0,6.8,1.3,3.5,284.16666
354,354,21,20.6,28.9,14.9,61,0,6.9,3.1,3.5,288.41666
355,355,22,,,,,,,,,256.83334
356,356,23,,,,,,,,,175.75
357,357,24,,,,,,,,,180.79167
358,358,25,20.8,27.3,15.6,70,0,6,3.5,5.4,166.91667
359,359,26,19.9,27.3,14.9,68,0,6.3,3.3,5.4,169.0
360,360,27,20.6,27.4,16,65,0,6.3,3.9,7.6,186.04167
361,361,28,,,,,,,,,185.58333
362,362,29,,,,,,,,,114.083336
363,363,30,,,,,,,,,140.45833
364,364,31,20.1,27.5,14.9,67,0,6.9,4.3,5.4,108.083336
365,0,1,20.3,26.4,16,70,0,6.3,3.1,3.5,255.875
366,1,2,20.1,26.4,16.6,70,0,5.5,2.8,3.5,322.25
367,2,3,21.2,28.4,15,67,0,6.9,2.4,5.4,123.125
368,3,4,,,,,,,,,101.791664
369,4,5,,,,,,,,,130.625
370,5,6,,,,,,,,,44.791668
371,6,7,21.4,30.8,15,53,0,6.9,2.8,3.5,184.66667
372,7,8,20.7,29.3,15.5,65,0,6.9,5.9,13,25.083334
373,8,9,21,28,15.8,67,0,6.3,4.3,5.4,19.541666
374,9,10,,,,,,,,,41.958332
375,10,11,,,,,,,,,215.54167
376,11,12,,,,,,,,,46.708332
377,12,13,22,30.6,15.6,57,0,6.9,5,5.4,188.5
378,13,14,22.4,30.5,17,52,0,7.7,3.9,5.4,164.75
379,14,15,22.1,29.5,16.3,59,0,6.9,3.3,5.4,376.91666
380,15,16,,,,,,,,,362.0
381,16,17,,,,,,,,,235.625
382,17,18,,,,,,,,,0.0
383,18,19,21.8,28.5,16.9,68,0,6.9,5,5.4,0.0
384,19,20,20.9,28.1,17,66,0,6.9,3.5,5.4,0.0
385,20,21,20.4,27.4,15.2,61,0,6.9,3.9,5.4,57.0
386,21,22,,,,,,,,,114.333336
387,22,23,,,,,,,,,148.125
388,23,24,,,,,,,,,184.875
389,24,25,22,29.5,16.9,58,0,6.9,3.9,5.4,202.91667
390,25,26,21.4,29.4,15.5,57,0,6.9,3.3,5.4,205.125
391,26,27,21,27.7,16.4,61,0,6.9,3.7,7.6,214.125
392,27,28,,,,,,,,,202.95833
393,28,29,,,,,,,,,308.875
394,29,30,,,,,,,,,323.875
395,30,31,22,29.4,15.4,56,0,6.9,2.8,7.6,315.79166
396,31,1,22.2,29.8,17,65,0,6.9,4.8,7.6,217.08333
397,32,2,22.7,29.7,18,59,0,6.9,3.1,5.4,246.04167
398,33,3,23,31.4,15.7,48,0,6.9,1.9,3.5,120.916664
399,34,4,,,,,,,,,106.166664
400,35,5,,,,,,,,,90.5
401,36,6,,,,,,,,,71.958336
402,37,7,23.8,32.6,16.5,29,0,6.9,2.4,5.4,113.333336
403,38,8,23.6,32.1,15.5,35,0,6.9,2,5.4,45.833332
404,39,9,23.6,32.7,15.7,39,0,6.9,0,-,22.833334
405,40,10,,,,,,,,,0.0
406,41,11,,,,,,,,,239.41667
407,42,12,,,,,,,,,91.75
408,43,13,24.6,31.8,19,54,0,6.9,2.8,5.4,165.0
409,44,14,24.3,31.6,19.2,60,0,6.3,2.4,5.4,116.458336
410,45,15,24.7,31.6,20.2,63,0,6.3,2.2,5.4,143.0
411,46,16,,,,,,,,,194.91667
412,47,17,,,,,,,,,130.66667
413,48,18,,,,,,,,,152.375
414,49,19,23.4,30.1,19.2,65,0,6.3,4.3,7.6,231.125
415,50,20,23,30.1,19.1,65,0,6.3,3.5,3.5,218.66667
416,51,21,23.9,30.3,19.2,63,0,6.9,2.2,3.5,211.0
417,52,22,,,,,,,,,172.0
418,53,23,,,,,,,,,184.875
419,54,24,,,,,,,,,95.416664
420,55,25,23.4,30.8,19.7,64,0.25,6.3,4.4,5.4,52.208332
421,56,26,24.2,32,19.3,49,0,6.9,4.4,5.4,187.5
422,57,27,24.5,32,17.6,50,0,6.9,3.1,5.4,130.16667
423,58,28,,,,,,,,,68.916664
424,59,1,23.8,31.1,19.9,71,0,6.9,5,7.6,229.16667
425,60,2,24.9,32,19.3,64,4.06,6.9,3.9,5.4,200.91667
426,61,3,23.8,32,20.2,67,0,6.9,5.2,7.6,153.625
427,62,4,,,,,,,,,89.875
428,63,5,,,,,,,,,55.416668
429,64,6,,,,,,,,,17.5
430,65,7,23.9,30.6,19.9,67,0.51,6.9,4.6,5.4,146.20833
431,66,8,24.6,31.6,18.6,61,0.76,6.9,4.1,7.6,33.708332
432,67,9,24.2,31.6,18.2,54,0,6.8,5.4,7.6,24.291666
433,68,10,,,,,,,,,0.0
434,69,11,,,,,,,,,196.54167
435,70,12,,,,,,,,,99.916664
436,71,13,24.9,31.8,16.6,35,0,6.9,3.5,5.4,75.75
437,72,14,25.3,32.8,19,31,0,6.9,4.1,7.6,146.54167
438,73,15,25.6,33.1,17.1,31,0,6.9,3.1,5.4,116.625
439,74,16,,,,,,,,,163.0
440,75,17,,,,,,,,,162.08333
441,76,18,,,,,,,,,63.458332
442,77,19,27.1,35.4,18.7,31,0,6.9,3.5,5.4,80.041664
443,78,20,28.2,35.9,20.8,33,0,7.7,0.9,3.5,100.041664
444,79,21,27.9,35.9,22.4,42,0,6.9,1.1,5.4,109.458336
445,80,22,,,,,,,,,103.083336
446,81,23,,,,,,,,,208.83333
447,82,24,,,,,,,,,74.666664
448,83,25,27.6,35.3,20.5,37,0,6.9,2.4,5.4,110.166664
449,84,26,27.3,35.3,20.3,38,0,6.9,2.6,7.6,108.208336
450,85,27,26.8,34.6,19.4,33,0,6.9,2.2,5.4,103.833336
451,86,28,,,,,,,,,111.5
452,87,29,,,,,,,,,98.583336
453,88,30,,,,,,,,,60.416668
454,89,31,28.6,36,23.5,33,0,6.9,1.3,3.5,74.291664
455,90,1,28.3,35.8,21.9,49,0,6.9,2.8,3.5,392.20834
456,91,2,29.2,35.8,23.4,43,0,6.9,3.3,7.6,187.16667
457,92,3,28.9,36,23.3,40,0,6.9,3.3,5.4,119.416664
458,93,4,,,,,,,,,71.958336
459,94,5,,,,,,,,,79.291664
460,95,6,,,,,,,,,87.083336
461,96,7,28.6,36.2,22.3,38,0,6.9,2.4,5.4,65.375
462,97,8,28.5,36.4,22.6,47,0,6.9,4.3,7.6,31.875
463,98,9,25.7,36.4,20.4,59,8.89,6.6,3.9,5.4,25.291666
464,99,10,,,,,,,,,0.0
465,100,11,,,,,,,,,206.75
466,101,12,,,,,,,,,113.375
467,102,13,27.1,34.5,22.3,59,0,6.9,3,3.5,56.666668
468,103,14,27.7,34.5,23.1,56,5.08,6.9,2.8,7.6,79.0
469,104,15,27.6,34,22.7,56,0,6.9,3,5.4,123.583336
470,105,16,,,,,,,,,97.875
471,106,17,,,,,,,,,77.333336
472,107,18,,,,,,,,,48.333332
473,108,19,28.6,35.4,22.2,47,0.51,6.9,2.4,5.4,80.291664
474,109,20,28.7,35.5,23.4,36,0,6.9,1.9,3.5,137.875
475,110,21,28.7,35.5,21.5,34,0,7.7,1.5,5.4,87.875
476,111,22,,,,,,,,,61.875
477,112,23,,,,,,,,,82.125
478,113,24,,,,,,,,,139.91667
479,114,25,29.8,36.5,23.8,53,0,7.7,3.3,5.4,121.208336
480,115,26,29.6,36.5,24.7,52,0,6.9,1.9,3.5,97.041664
481,116,27,29.3,36.3,24.8,49,0,6.9,2.8,3.5,92.083336
482,117,28,,,,,,,,,105.75
483,118,29,,,,,,,,,119.166664
484,119,30,,,,,,,,,121.458336
485,120,1,28.8,36,24.2,50,0,6.9,3.9,5.4,536.5
486,121,2,28.6,35.8,24.6,50,0.51,6.3,3.9,7.6,187.79167
487,122,3,27.8,35.8,20,56,0,6.9,3.1,7.6,110.75
488,123,4,,,,,,,,,76.416664
489,124,5,,,,,,,,,81.875
490,125,6,,,,,,,,,84.041664
491,126,7,24.5,30.6,21.4,76,2.03,7.7,5.2,7.6,111.041664
492,127,8,22.8,26.7,21,86,0,6.3,5.2,5.4,69.791664
493,128,9,24.1,28.3,20.5,78,6.6,6.9,4.6,7.6,23.416666
494,129,10,,,,,,,,,0.0
495,130,11,,,,,,,,,235.58333
496,131,12,,,,,,,,,166.70833
497,132,13,27.4,35.6,23.8,60,0.25,6.9,3.9,7.6,60.541668
498,133,14,28.8,35.6,22.8,47,0,6.9,4.1,7.6,79.0
499,134,15,28.6,35.5,22.8,49,0,6.9,3.9,5.4,133.70833
500,135,16,,,,,,,,,87.083336
501,136,17,,,,,,,,,107.916664
502,137,18,,,,,,,,,76.625
503,138,19,28.4,35.5,23.6,56,0,7.7,3.7,14.8,53.25
504,139,20,25.8,33.9,21.4,71,4.06,6.9,1.5,5.4,65.166664
505,140,21,26.3,33,21.2,65,0,7.4,4.3,7.6,83.583336
506,141,22,,,,,,,,,86.916664
507,142,23,,,,,,,,,65.166664
508,143,24,,,,,,,,,44.291668
509,144,25,26.4,35.2,18.9,62,9.4,9.2,4.4,5.4,40.666668
510,145,26,27.8,34.4,22.2,61,0,7.7,2.4,5.4,48.125
511,146,27,25.8,34.5,20.2,70,-,6.9,3.9,5.4,103.166664
512,147,28,,,,,,,,,119.708336
513,148,29,,,,,,,,,124.25
514,149,30,,,,,,,,,143.04167
515,150,31,28.1,35,22.3,57,0,7.4,3.3,5.4,143.375
516,151,1,27.6,35,20.1,60,13.72,6.9,3.9,5.4,321.83334
517,152,2,25.9,34.5,20.4,70,0,6.9,4.6,7.6,167.79167
518,153,3,24.5,29.2,20,75,0,6.9,2.8,3.5,94.291664
519,154,4,,,,,,,,,113.375
520,155,5,,,,,,,,,73.208336
521,156,6,,,,,,,,,85.541664
522,157,7,25.9,31.2,22.2,72,0,7.7,6.1,11.1,111.125
523,158,8,25.9,31.3,20.9,73,0,6.9,7.4,9.4,62.916668
524,159,9,24.6,31.3,22.2,74,0,6.9,9.4,22.2,47.041668
525,160,10,,,,,,,,,0.0
526,161,11,,,,,,,,,199.875
527,162,12,,,,,,,,,146.66667
528,163,13,24.1,30.7,21.9,74,-,5.8,8.1,14.8,48.833332
529,164,14,25.4,30.2,21.4,67,0,9.2,8.9,9.4,64.458336
530,165,15,25.2,31,21.6,71,0,7.7,9.3,14.8,80.541664
531,166,16,,,,,,,,,58.083332
532,167,17,,,,,,,,,49.958332
533,168,18,,,,,,,,,101.708336
534,169,19,24.4,29.4,20.8,72,0,6.9,9.8,11.1,65.416664
535,170,20,24.7,29.2,21.2,71,0,7.4,9.1,11.1,54.666668
536,171,21,25.3,30.4,21.2,69,0,6.6,8.7,11.1,78.541664
537,172,22,,,,,,,,,73.0
538,173,23,,,,,,,,,58.625
539,174,24,,,,,,,,,61.5
540,175,25,26,32,21.4,61,0,6.9,5.7,7.6,49.125
541,176,26,26.6,33,21.4,60,0,6.9,4.3,5.4,65.875
542,177,27,27.4,33.6,22.2,58,0,7.7,2.4,3.5,72.416664
543,178,28,,,,,,,,,71.291664
544,179,29,,,,,,,,,74.375
545,180,30,,,,,,,,,107.166664
546,181,1,24.9,31.3,21.1,75,22.61,6.9,5.9,9.4,298.45834
547,182,2,25.4,30.6,21.8,69,0,6.9,5.2,7.6,99.5
548,183,3,25.5,30.8,20.8,64,0,6.9,6.9,14.8,130.33333
549,184,4,,,,,,,,,48.208332
550,185,5,,,,,,,,,108.333336
551,186,6,,,,,,,,,101.0
552,187,7,23.1,27.5,20.8,81,1.02,6.9,6.3,11.1,112.291664
553,188,8,22.6,27.5,20.3,82,0,6.9,5.2,9.4,26.416666
554,189,9,22.7,28.6,19.9,83,1.02,6.9,5.6,7.6,74.666664
555,190,10,,,,,,,,,45.75
556,191,11,,,,,,,,,232.54167
557,192,12,,,,,,,,,119.708336
558,193,13,-,-,-,-,-,-,-,-,153.41667
559,194,14,23.6,27.1,20.3,76,9.91,6.6,8.7,14.8,134.95833
560,195,15,23,26.6,21,80,0,5.8,9.6,14.8,81.125
561,196,16,24,28.5,20.6,74,-,9.2,7.6,16.5,197.66667
562,197,17,,,,,,,,,160.75
563,198,18,,,,,,,,,29.125
564,199,19,,,,,,,,,52.25
565,200,20,23.3,28.4,20,77,1.27,6.3,6.7,11.1,160.375
566,201,21,23.9,28.9,21,74,0,6.3,11.1,14.8,99.375
567,202,22,23.2,28,21.4,81,8.89,6.6,7.4,14.8,123.875
568,203,23,,,,,,,,,131.41667
569,204,24,,,,,,,,,53.875
570,205,25,,,,,,,,,31.458334
571,206,26,24.1,29.4,20.4,78,0,6.9,6.3,7.6,47.375
572,207,27,23.4,28.4,21,79,4.06,6.6,5.7,9.4,38.166668
573,208,28,23.7,27.7,21,75,-,6.9,9.4,13,42.541668
574,209,29,,,,,,,,,35.791668
575,210,30,,,,,,,,,43.458332
576,211,31,,,,,,,,,35.958332
577,212,1,22.9,28.4,20.5,85,1.78,5.5,7.6,11.1,264.91666
578,213,2,23.1,27.4,20.4,81,4.57,5.5,7.8,11.1,143.91667
579,214,3,23.2,28.2,21,81,0,5.5,7.4,14.8,110.708336
580,215,4,,,,,,,,,47.041668
581,216,5,,,,,,,,,198.875
582,217,6,,,,,,,,,76.208336
583,218,7,23.6,27.8,20.8,73,0,8.2,7.2,11.1,60.625
584,219,8,22.8,28.4,20.7,83,0,6.3,6.9,11.1,30.666666
585,220,9,23.6,29.2,20.2,79,0,6.9,6.9,9.4,41.875
586,221,10,,,,,,,,,70.708336
587,222,11,,,,,,,,,185.5
588,223,12,,,,,,,,,110.875
589,224,13,22.8,28,20.4,84,0,6.9,5.2,9.4,23.875
590,225,14,23.1,29.3,20,81,0,5.8,5,7.6,22.333334
591,226,15,24.1,29.5,20,74,7.11,9.2,4.4,5.4,25.083334
592,227,16,,,,,,,,,32.958332
593,228,17,,,,,,,,,31.5
594,229,18,,,,,,,,,56.375
595,230,19,24.1,28.8,20.2,83,11.18,6.9,2.2,7.6,66.791664
596,231,20,24.7,30.8,20.7,80,6.86,6.9,0.9,3.5,64.875
597,232,21,25.4,30.8,20.4,78,32,6.9,0.9,3.5,47.583332
598,233,22,,,,,,,,,48.291668
599,234,23,,,,,,,,,51.375
600,235,24,,,,,,,,,43.375
601,236,25,23.7,29.6,20.5,79,0,6.9,6.7,9.4,33.5
602,237,26,23.2,28,20.2,75,1.02,6.9,8,9.4,43.041668
603,238,27,21.8,28,20.1,85,0.51,5.5,7.2,9.4,38.416668
604,239,28,,,,,,,,,29.166666
605,240,29,,,,,,,,,37.375
606,241,30,,,,,,,,,60.0
607,242,31,22.6,27.4,19.8,79,-,6.9,7.8,9.4,49.291668
608,243,1,22.7,27.4,20.4,80,1.52,6.9,7.2,9.4,404.5
609,244,2,22.5,27.2,20,84,0.25,6.9,5.6,9.4,100.25
610,245,3,23.1,26.8,19.7,79,0.51,7.7,6.7,9.4,138.5
611,246,4,,,,,,,,,67.791664
612,247,5,,,,,,,,,120.708336
613,248,6,,,,,,,,,84.333336
614,249,7,23.3,28.7,20.3,77,0,6.9,6.3,9.4,71.0
615,250,8,23.2,28.9,19.8,71,0,6.3,9.1,11.1,29.958334
616,251,9,24,29.9,19.1,69,0,6.9,7.8,11.1,50.583332
617,252,10,,,,,,,,,51.791668
618,253,11,,,,,,,,,282.16666
619,254,12,,,,,,,,,200.33333
620,255,13,24.3,30.3,20.5,67,0,8.5,5.2,7.6,58.125
621,256,14,23.4,29.9,20.6,74,-,6.9,5,9.4,57.291668
622,257,15,23.9,29.4,21,73,-,6.3,7,14.8,38.25
623,258,16,,,,,,,,,57.208332
624,259,17,,,,,,,,,50.333332
625,260,18,,,,,,,,,50.416668
626,261,19,23.4,27.8,20.6,79,0,6.9,5.9,9.4,47.416668
627,262,20,23.7,27.8,20.1,74,1.78,7.4,5.9,7.6,56.916668
628,263,21,24.2,28.3,20,72,0,6.6,2.8,5.4,54.625
629,264,22,,,,,,,,,42.875
630,265,23,,,,,,,,,41.208332
631,266,24,,,,,,,,,42.375
632,267,25,23.9,31.1,20.1,78,10.67,6.9,1.3,3.5,45.958332
633,268,26,24.2,31.1,19.9,81,132.33,6.9,1.9,5.4,52.25
634,269,27,24.8,30,20,72,6.1,9.2,3.5,5.4,43.333332
635,270,28,,,,,,,,,41.875
636,271,29,,,,,,,,,44.416668
637,272,30,,,,,,,,,49.5
638,273,1,24.7,29.9,20.7,69,3.81,7.7,2.2,3.5,442.66666
639,274,2,25.4,30.7,19.8,64,0,6.9,2.2,3.5,126.0
640,275,3,25.3,30.7,20.8,76,0,7.4,0.6,3.5,39.291668
641,276,4,,,,,,,,,65.458336
642,277,5,,,,,,,,,117.375
643,278,6,,,,,,,,,84.208336
644,279,7,23.6,30.4,19.6,79,31.5,6.9,2.8,5.4,57.041668
645,280,8,22.6,30.4,19.1,84,51.82,6.9,1.9,3.5,47.458332
646,281,9,23.6,29.9,19.3,83,62.99,6.8,1.9,3.5,44.416668
647,282,10,,,,,,,,,66.75
648,283,11,,,,,,,,,226.45833
649,284,12,,,,,,,,,161.79167
650,285,13,24.4,30,20.8,67,0,9.2,5,9.4,0.0
651,286,14,25.4,30.3,21.2,66,0,8.2,2.6,5.4,11.583333
652,287,15,24,30.3,21.1,75,0,9.2,3.9,7.6,13.0
653,288,16,,,,,,,,,7.875
654,289,17,,,,,,,,,33.541668
655,290,18,,,,,,,,,151.04167
656,291,19,21.6,24.3,19.8,86,3.05,5.5,3.1,3.5,156.25
657,292,20,22,25.4,20.2,82,0.51,6.3,3.1,5.4,156.0
658,293,21,22.7,26.8,20.4,76,0,9.2,3.3,5.4,151.79167
659,294,22,,,,,,,,,181.54167
660,295,23,,,,,,,,,219.95833
661,296,24,,,,,,,,,231.0
662,297,25,22,27.5,20.4,89,0,5.5,3.1,3.5,252.625
663,298,26,22.4,27.5,19.8,87,55.37,6.3,3.1,3.5,119.416664
664,299,27,21.9,27.3,19.8,90,5.84,6.3,3,5.4,126.0
665,300,28,,,,,,,,,172.66667
666,301,29,,,,,,,,,207.04167
667,302,30,,,,,,,,,230.25
668,303,31,22,28.4,17.5,70,0,6.3,1.3,3.5,232.33333
669,304,1,23.2,28.2,20,72,0,6.9,2.2,3.5,220.95833
670,305,2,22.8,27.6,19.8,74,-,6.9,2,5.4,163.91667
671,306,3,21.4,27.6,18.4,71,0,6.3,0.9,3.5,44.916668
672,307,4,,,,,,,,,77.75
673,308,5,,,,,,,,,86.833336
674,309,6,,,,,,,,,83.375
675,310,7,23.2,29.4,17.9,58,0,6.3,2,5.4,67.416664
676,311,8,23,29.5,18.8,59,0,6.3,0.4,3.5,48.916668
677,312,9,23.2,29.5,18.8,63,0,6.3,0.9,3.5,66.458336
678,313,10,,,,,,,,,39.958332
679,314,11,,,,,,,,,222.125
680,315,12,,,,,,,,,169.04167
681,316,13,20.2,27.4,19.6,94,3.81,4,3.5,3.5,257.66666
682,317,14,21.4,24.6,20.2,91,0,5.5,3.7,7.6,166.875
683,318,15,21.9,27.4,18,80,5.84,6.3,2.8,5.4,135.16667
684,319,16,,,,,,,,,133.125
685,320,17,,,,,,,,,175.04167
686,321,18,,,,,,,,,189.66667
687,322,19,22.1,28.1,17.4,71,0,6.6,2.8,3.5,211.45833
688,323,20,21.8,28,18.3,70,0,9.2,2.8,3.5,215.5
689,324,21,22.2,28.8,17.1,68,0,6.3,0.4,3.5,223.375
690,325,22,,,,,,,,,187.54167
691,326,23,,,,,,,,,198.45833
692,327,24,,,,,,,,,156.70833
693,328,25,21.2,26.7,18,68,0,6.9,2.4,5.4,135.58333
694,329,26,21.4,27.4,15.8,64,0,6.3,1.1,5.4,152.04167
695,330,27,21.7,29.2,16.5,60,0,8.2,1.9,3.5,141.41667
696,331,28,,,,,,,,,248.625
697,332,29,,,,,,,,,162.54167
698,333,30,,,,,,,,,0.0
699,334,1,22.3,28.2,16.6,50,0,6.6,1.9,5.4,251.375
700,335,2,21.3,28.2,17,60,0,6.9,0.9,3.5,152.875
701,336,3,21.1,29,15.3,55,0,8,0.4,3.5,52.375
702,337,4,,,,,,,,,114.458336
703,338,5,,,,,,,,,88.625
704,339,6,,,,,,,,,55.958332
705,340,7,21.9,28.6,17.6,72,0,6.3,3,9.4,132.70833
706,341,8,22.8,29.2,18.4,77,0,6.3,1.9,3.5,37.125
707,342,9,23.3,29.3,19.8,74,0,5.6,2.8,3.5,62.916668
708,343,10,,,,,,,,,0.0
709,344,11,,,,,,,,,317.0
710,345,12,,,,,,,,,216.79167
711,346,13,21.6,26.6,18.2,76,0,6.3,2.4,5.4,203.58333
712,347,14,21.6,26.4,19.6,83,0,6.9,1.3,3.5,25.083334
713,348,15,23.1,28.8,19.1,74,0,6.9,2.8,3.5,57.083332
714,349,16,,,,,,,,,152.83333
715,350,17,,,,,,,,,177.70833
716,351,18,,,,,,,,,239.04167
717,352,19,21.1,25.2,18.8,78,0,5.5,3.1,3.5,349.29166
718,353,20,21.4,28,17.6,71,0,6.3,1.9,5.4,188.04167
719,354,21,21.1,28.3,17.1,74,0,7.7,0.9,3.5,310.25
720,355,22,,,,,,,,,375.79166
721,356,23,,,,,,,,,297.79166
722,357,24,,,,,,,,,441.79166
723,358,25,20,28.4,15.8,65,0,6.3,1.9,3.5,204.375
724,359,26,20.1,27.3,14.2,56,0,9.2,1.3,3.5,223.25
725,360,27,20.8,27.4,13.9,58,0,7.7,2,5.4,248.95833
726,361,28,,,,,,,,,441.41666
727,362,29,,,,,,,,,237.79167
728,363,30,,,,,,,,,334.875
729,364,31,-,-,-,-,-,-,-,-,
730,0,1,22.3,29.5,19.2,77,7.62,6.3,0.9,3.5,172.75
731,1,2,22.2,29.2,17.6,71,1.52,5.5,1.9,7.6,224.79167
732,2,3,22.1,29.2,18.7,76,0,6,1.3,3.5,31.625
733,3,4,,,,,,,,,81.208336
734,4,5,,,,,,,,,48.125
735,5,6,,,,,,,,,25.458334
736,6,7,21.9,28.6,17.4,60,0,6.9,0.4,3.5,37.583332
737,7,8,22.1,28.6,17.6,71,0,6.3,0.6,3.5,19.833334
738,8,9,21.6,27.6,18.5,72,0,6.3,1.9,3.5,44.125
739,9,10,,,,,,,,,57.125
740,10,11,,,,,,,,,256.95834
741,11,12,,,,,,,,,212.125
742,12,13,19.4,27.1,13.7,60,0,8.5,0.9,3.5,228.79167
743,13,14,19.4,27.1,13.7,67,0,6,0.2,1.9,200.875
744,14,15,20.1,27.1,14.7,63,0,6.3,2.8,7.6,214.04167
745,15,16,,,,,,,,,210.0
746,16,17,,,,,,,,,210.125
747,17,18,,,,,,,,,227.75
748,18,19,21.3,28.2,15.4,61,0,8.5,3.3,5.4,217.25
749,19,20,20.9,28.2,15.6,63,0,6.3,3,5.4,212.45833
750,20,21,21,27.4,15.5,61,0,6.3,4.8,7.6,202.66667
751,21,22,,,,,,,,,149.875
752,22,23,,,,,,,,,85.083336
753,23,24,,,,,,,,,102.875
754,24,25,22.1,29.4,17,59,0,7.7,3.3,5.4,138.79167
755,25,26,21.3,28.4,15.6,57,0,7.7,4.6,7.6,153.08333
756,26,27,21.4,27.9,16,60,0,6.3,4.1,9.4,159.70833
757,27,28,,,,,,,,,147.375
758,28,29,,,,,,,,,171.0
759,29,30,,,,,,,,,133.41667
760,30,31,22.8,30.2,16.6,51,0,6.3,3.9,9.4,151.875
761,31,1,21.9,30.2,16.2,53,0,6.3,3.7,7.6,146.79167
762,32,2,21.2,29.3,16.4,63,0,6.3,5.2,9.4,177.625
763,33,3,21.4,28.6,15,58,0,6.3,3.9,9.4,20.416666
764,34,4,,,,,,,,,52.291668
765,35,5,,,,,,,,,56.25
766,36,6,,,,,,,,,20.75
767,37,7,22.3,30.2,16.3,48,0,6.3,4.1,5.4,37.625
768,38,8,22.7,30.6,15.7,50,0,6.3,3.7,9.4,25.791666
769,39,9,22.2,30.6,15.5,54,0,6.3,3.3,5.4,62.25
770,40,10,,,,,,,,,69.375
771,41,11,,,,,,,,,185.08333
772,42,12,,,,,,,,,190.5
773,43,13,24,32,17.7,50,0,6.9,1.3,3.5,120.208336
774,44,14,24.7,32.7,17.9,43,0,6.3,0.9,3.5,137.125
775,45,15,24.9,33,16.5,32,0,6.3,0.9,3.5,197.08333
776,46,16,,,,,,,,,161.91667
777,47,17,,,,,,,,,161.375
778,48,18,,,,,,,,,144.16667
779,49,19,24.5,33.1,18.6,39,0,6.3,1.9,3.5,166.375
780,50,20,24.2,32.1,16.9,37,0,6.9,3.3,11.1,126.583336
781,51,21,23.7,31.7,17.3,41,0,6.9,3.1,5.4,94.916664
782,52,22,,,,,,,,,64.958336
783,53,23,,,,,,,,,157.25
784,54,24,,,,,,,,,182.54167
785,55,25,24.6,32.4,17,27,0,6.9,0.9,3.5,133.95833
786,56,26,25.6,33.5,17.2,42,0,6.9,2.2,5.4,69.25
787,57,27,26.1,33.6,20.1,46,0,6.9,3.5,5.4,79.291664
788,58,28,,,,,,,,,92.041664
789,59,1,25.2,32.6,20.8,62,0,6.9,3.7,7.6,113.875
790,60,2,25.8,32.6,21.4,62,0,6.9,2.2,3.5,149.625
791,61,3,23.4,32.4,19.9,77,22.1,6.3,1.9,3.5,61.125
792,62,4,,,,,,,,,28.458334
793,63,5,,,,,,,,,103.416664
794,64,6,,,,,,,,,40.5
795,65,7,25.8,31.4,21.3,63,0,6.6,2.6,5.4,34.375
796,66,8,25.3,31.5,20.1,59,0,6.9,3.3,5.4,22.708334
797,67,9,24.5,31.5,19.6,65,0,6.9,2.2,3.5,60.125
798,68,10,,,,,,,,,65.375
799,69,11,,,,,,,,,249.5
800,70,12,,,,,,,,,236.41667
801,71,13,24.5,31.2,18.6,54,0,6.9,3.9,5.4,128.83333
802,72,14,25.1,32.7,18.4,48,0,6.9,1.9,3.5,56.333332
803,73,15,25.8,32.7,20.4,55,0,6.9,3,5.4,20.291666
804,74,16,,,,,,,,,34.458332
805,75,17,,,,,,,,,56.791668
806,76,18,,,,,,,,,48.916668
807,77,19,26.5,35.1,19.6,44,0,6.9,2.2,5.4,59.166668
808,78,20,26.9,34.7,19.5,25,0,6.9,2,5.4,83.833336
809,79,21,27.1,34.7,19.6,26,0,6.9,0,-,89.375
810,80,22,,,,,,,,,65.833336
811,81,23,,,,,,,,,58.666668
812,82,24,,,,,,,,,67.083336
813,83,25,27.9,35.8,22.3,43,0,6.3,3,5.4,101.375
814,84,26,27,34.5,21,47,0,6.3,2.8,3.5,109.75
815,85,27,26.3,34.5,19.9,46,0,6.3,2.2,3.5,42.916668
816,86,28,,,,,,,,,84.416664
817,87,29,,,,,,,,,97.083336
818,88,30,,,,,,,,,21.583334
819,89,31,26.5,33.8,22.3,58,0,6.9,1.9,3.5,47.25
820,90,1,26.9,33.4,21.6,56,1.27,6.9,2.2,3.5,144.75
821,91,2,27.9,35.1,22.4,53,0,6.9,2.4,5.4,114.208336
822,92,3,28,35.1,22.8,54,0,6.9,2.8,3.5,87.791664
823,93,4,,,,,,,,,23.666666
824,94,5,,,,,,,,,76.5
825,95,6,,,,,,,,,70.083336
826,96,7,28.9,35.5,22.7,52,0,6.9,1.5,7.6,71.291664
827,97,8,28.2,35.5,24.1,55,0,6.9,3.1,3.5,27.125
828,98,9,28.1,35,23,54,0,6.9,4.1,9.4,54.25
829,99,10,,,,,,,,,75.625
830,100,11,,,,,,,,,269.58334
831,101,12,,,,,,,,,187.875
832,102,13,21.3,29,18.8,77,11.94,6.3,1.3,3.5,54.708332
833,103,14,23.2,30.5,18.1,71,8.89,6.9,0.7,5.4,52.625
834,104,15,23.2,30.5,19.8,80,0,6.3,1.5,7.6,51.375
835,105,16,,,,,,,,,45.5
836,106,17,,,,,,,,,56.833332
837,107,18,,,,,,,,,100.416664
838,108,19,26.8,32.3,21.4,54,0,7.7,0,-,94.333336
839,109,20,26.6,32.3,21.9,62,0,6.9,1.3,3.5,92.916664
840,110,21,26.8,32.3,21.7,63,0,6.9,0.4,3.5,80.208336
841,111,22,,,,,,,,,76.666664
842,112,23,,,,,,,,,56.875
843,113,24,,,,,,,,,98.375
844,114,25,23.9,33.4,19.8,70,35.56,6.6,4.3,22.2,71.666664
845,115,26,23.7,31.3,19.2,70,35.81,6.3,0.4,3.5,31.833334
846,116,27,25.5,31.1,20.8,68,5.08,6.9,1.3,3.5,47.666668
847,117,28,,,,,,,,,38.25
848,118,29,,,,,,,,,41.375
849,119,30,,,,,,,,,48.416668
850,120,1,26.8,33.8,20.1,61,9.65,6.9,1.9,3.5,118.458336
851,121,2,24.5,33.8,20.4,73,0,6.9,2.2,7.6,97.5
852,122,3,25.7,33.3,20,65,12.19,6.9,1.9,7.6,95.375
853,123,4,,,,,,,,,67.041664
854,124,5,,,,,,,,,136.25
855,125,6,,,,,,,,,108.666664
856,126,7,26.6,30.8,22.2,68,0,6.9,1.3,3.5,111.083336
857,127,8,27.7,33.4,22.2,61,0,6.9,2,5.4,42.458332
858,128,9,25.9,33.4,23.3,62,0,6,3.1,7.6,43.083332
859,129,10,,,,,,,,,88.958336
860,130,11,,,,,,,,,135.375
861,131,12,,,,,,,,,252.54167
862,132,13,24.2,32,21.9,71,2.54,6.9,0.2,1.9,48.5
863,133,14,24.9,29.6,21.6,71,0.25,6.9,1.9,3.5,55.083332
864,134,15,24.9,31.2,22.2,77,0,6.3,3.1,7.6,67.458336
865,135,16,,,,,,,,,75.041664
866,136,17,,,,,,,,,63.958332
867,137,18,,,,,,,,,32.583332
868,138,19,24.8,32,20.2,78,0,6.3,4.6,11.1,18.875
869,139,20,26.3,33,19.1,76,39.12,6.9,5.2,7.6,61.5
870,140,21,26.6,33,22.5,75,0,6.9,7.6,18.3,68.916664
871,141,22,,,,,,,,,42.125
872,142,23,,,,,,,,,43.125
873,143,24,,,,,,,,,60.75
874,144,25,27.3,33.3,22.3,63,0,6.3,5.6,9.4,77.375
875,145,26,27.1,33,22.3,66,0,6.3,5.2,9.4,63.916668
876,146,27,25.2,32.2,19.2,72,0,6.9,6.5,9.4,63.666668
877,147,28,,,,,,,,,139.125
878,148,29,,,,,,,,,60.083332
879,149,30,,,,,,,,,81.5
880,150,31,24.2,32.2,19.9,81,0,6.6,5.4,9.4,63.625
881,151,1,24.3,31,19.9,77,0,6.6,3.7,7.6,170.91667
882,152,2,24.5,31,20.7,78,0,6.9,4.8,7.6,162.0
883,153,3,24.6,30.5,21.2,81,0.25,6.9,2.4,5.4,81.958336
884,154,4,,,,,,,,,90.0
885,155,5,,,,,,,,,117.916664
886,156,6,,,,,,,,,76.25
887,157,7,26.2,32,21.6,65,0,6.9,7.4,14.8,32.0
888,158,8,25.4,31.2,21.3,72,0.51,6.9,7.8,14.8,35.5
889,159,9,24.7,31.2,21.2,76,3.05,6.9,6.3,9.4,37.416668
890,160,10,,,,,,,,,93.25
891,161,11,,,,,,,,,166.16667
892,162,12,,,,,,,,,312.625
893,163,13,23.7,29.7,20.5,80,0.51,6.9,5,7.6,31.875
894,164,14,22.6,29.7,20.1,84,18.54,6.9,5.7,11.1,54.958332
895,165,15,24.1,29,19.8,72,0,5.8,5.4,11.1,77.75
896,166,16,,,,,,,,,82.0
897,167,17,,,,,,,,,87.875
898,168,18,,,,,,,,,92.541664
899,169,19,23.1,27.4,21.2,83,0,5.5,8.1,14.8,75.333336
900,170,20,23.2,28.3,20.8,80,1.78,6.3,12,16.5,32.583332
901,171,21,22.7,28.3,20.6,85,0.51,5.5,6.9,11.1,28.375
902,172,22,,,,,,,,,28.125
903,173,23,,,,,,,,,52.833332
904,174,24,,,,,,,,,93.416664
905,175,25,24.5,30.6,21.1,78,0.51,6.9,8.3,11.1,28.541666
906,176,26,23.7,30.6,21.4,81,0,6.9,8.9,11.1,51.041668
907,177,27,24.1,29,20.4,76,0,6.9,12.2,18.3,40.0
908,178,28,,,,,,,,,52.458332
909,179,29,,,,,,,,,30.541666
910,180,30,,,,,,,,,37.625
911,181,1,24.6,30.7,20.6,71,0,6.9,5.2,7.6,227.0
912,182,2,24.2,30.3,20.4,75,0,6.3,8.1,14.8,161.16667
913,183,3,24.6,30.2,20.4,76,0,6.3,5.7,7.6,49.583332
914,184,4,,,,,,,,,49.5
915,185,5,,,,,,,,,76.875
916,186,6,,,,,,,,,64.833336
917,187,7,23.7,30.7,19.3,74,3.05,6.9,6.9,11.1,42.291668
918,188,8,23.8,30.6,20.2,76,0,6.9,6.7,14.8,31.333334
919,189,9,24,29.2,20.8,78,7.11,6.3,6.9,11.1,34.666668
920,190,10,,,,,,,,,112.291664
921,191,11,,,,,,,,,365.75
922,192,12,,,,,,,,,286.375
923,193,13,25.4,31.6,20.8,71,0,6.9,6.5,11.1,26.875
924,194,14,25.2,31.6,21.4,73,0,6.9,6.5,11.1,30.708334
925,195,15,23.9,30,21.2,77,0,6.9,7.8,11.1,10.208333
926,196,16,,,,,,,,,0.0
927,197,17,,,,,,,,,25.083334
928,198,18,,,,,,,,,47.5
929,199,19,21.8,29.8,20,86,12.19,4.8,8.1,14.8,43.041668
930,200,20,22.6,29,18.8,84,2.03,5.3,6.1,9.4,19.416666
931,201,21,22.4,29,20.1,88,26.16,5.5,4.3,9.4,8.416667
932,202,22,,,,,,,,,20.916666
933,203,23,,,,,,,,,19.75
934,204,24,,,,,,,,,15.75
935,205,25,23.2,28.1,20.1,83,1.02,6.9,6.1,11.1,0.0
936,206,26,23.3,27.8,20.4,79,0,6.9,6.3,9.4,0.0
937,207,27,23.4,28,20.8,79,0,5.5,8.3,11.1,4.8333335
938,208,28,,,,,,,,,8.291667
939,209,29,,,,,,,,,9.333333
940,210,30,,,,,,,,,5.0416665
941,211,31,23.9,29.9,20,76,0,6.9,5,7.6,15.375
942,212,1,23.7,30.3,20.6,76,0.25,6.9,5.2,7.6,231.25
943,213,2,24,30.3,20.6,75,3.05,6.9,6.5,9.4,136.75
944,214,3,23.6,28.8,21,77,0,6.3,5.9,11.1,34.916668
945,215,4,,,,,,,,,75.166664
946,216,5,,,,,,,,,86.375
947,217,6,,,,,,,,,63.0
948,218,7,22.6,29.3,20.3,83,0.25,5.5,5.7,9.4,45.666668
949,219,8,23.6,28.5,20.4,79,0,6.3,6.1,7.6,47.416668
950,220,9,23.3,28.5,20.6,80,2.03,6.9,3.7,7.6,39.208332
951,221,10,,,,,,,,,97.708336
952,222,11,,,,,,,,,241.875
953,223,12,,,,,,,,,288.08334
954,224,13,23.4,27.6,20,83,0,6.9,5.6,9.4,39.041668
955,225,14,24.6,29.4,20.7,77,0,6.3,4.8,9.4,41.708332
956,226,15,25.2,31.1,20.5,72,0,6.9,5.2,9.4,28.75
957,227,16,,,,,,,,,31.0
958,228,17,,,,,,,,,37.791668
959,229,18,,,,,,,,,34.041668
960,230,19,25.6,31.2,22.3,79,0.76,6.9,3.3,5.4,12.25
961,231,20,25.3,31.6,22.4,74,0,6.3,3.9,9.4,14.5
962,232,21,23.4,31.6,21,80,0.76,6.9,3.3,11.1,23.916666
963,233,22,,,,,,,,,26.458334
964,234,23,,,,,,,,,25.333334
965,235,24,,,,,,,,,24.208334
966,236,25,24.4,29.6,19.7,67,0,6.9,3.1,7.6,27.375
967,237,26,23.8,30.1,19.6,71,0,6.3,3.9,7.6,29.208334
968,238,27,22.5,30.1,20.3,86,1.78,6.3,4.6,7.6,36.5
969,239,28,,,,,,,,,57.25
970,240,29,,,,,,,,,38.666668
971,241,30,,,,,,,,,28.5
972,242,31,25.1,29.7,20.8,69,-,6.9,4.3,5.4,27.833334
973,243,1,25.5,31,21.1,66,0.51,7.7,3.1,5.4,272.125
974,244,2,25.4,31,21.6,67,0,6.9,2.8,5.4,50.916668
975,245,3,25.7,31.7,22,70,-,6.6,2,3.5,47.5
976,246,4,,,,,,,,,53.125
977,247,5,,,,,,,,,77.708336
978,248,6,,,,,,,,,73.833336
979,249,7,22.4,30.8,20,87,37.08,6,3,5.4,40.625
980,250,8,23,28.5,19.8,82,36.58,6.9,5.9,7.6,33.791668
981,251,9,22.9,27.6,20.5,82,0,6.9,5.6,9.4,38.708332
982,252,10,,,,,,,,,80.708336
983,253,11,,,,,,,,,176.875
984,254,12,,,,,,,,,302.45834
985,255,13,23.7,29.7,19.3,75,5.08,7.7,5.6,9.4,69.958336
986,256,14,23.5,29.7,19.4,76,0,6.3,7.8,11.1,94.375
987,257,15,23.1,28,19.3,75,0,6.3,9.4,18.3,85.75
988,258,16,,,,,,,,,80.666664
989,259,17,,,,,,,,,93.666664
990,260,18,,,,,,,,,39.5
991,261,19,24.2,29.4,20.2,76,0,6.3,3.7,11.1,51.666668
992,262,20,22.9,29.4,20.4,83,0,5.5,6.3,11.1,39.416668
993,263,21,23.6,29.4,19.2,77,7.11,6.9,2.8,7.6,23.958334
994,264,22,,,,,,,,,19.916666
995,265,23,,,,,,,,,11.5
996,266,24,,,,,,,,,32.958332
997,267,25,24.3,33.2,18.7,76,18.8,6.9,1.3,3.5,43.5
998,268,26,23.2,30.3,20,82,9.14,6.9,2.2,5.4,50.416668
999,269,27,23.8,31.6,20.2,78,0.51,6,2.4,5.4,55.708332
1000,270,28,,,,,,,,,47.083332
1001,271,29,,,,,,,,,51.458332
1002,272,30,,,,,,,,,35.541668
1003,273,1,24.5,30,21,77,0.51,6.9,2,5.4,205.25
1004,274,2,24.6,30,21.7,78,2.54,6.3,3.5,5.4,117.208336
1005,275,3,24.7,29.8,21.3,77,0.25,6.9,3.9,9.4,81.291664
1006,276,4,,,,,,,,,76.25
1007,277,5,,,,,,,,,73.416664
1008,278,6,,,,,,,,,29.5
1009,279,7,24.2,30.2,20.3,79,6.6,6.9,3.9,9.4,28.25
1010,280,8,24,30.2,20.9,77,4.32,6.9,3.5,5.4,54.875
1011,281,9,24.3,29.4,20.6,75,0,6.9,7.2,11.1,31.375
1012,282,10,,,,,,,,,69.25
1013,283,11,,,,,,,,,205.0
1014,284,12,,,,,,,,,261.25
1015,285,13,25.1,31,21.2,62,0,6.9,1.9,3.5,81.625
1016,286,14,25.1,32.1,19.6,52,0,6.9,2.2,3.5,65.375
1017,287,15,25.2,32.1,19.7,59,0,6.9,0.7,3.5,84.375
1018,288,16,,,,,,,,,115.875
1019,289,17,,,,,,,,,140.16667
1020,290,18,,,,,,,,,175.375
1021,291,19,25.6,31.8,20.6,62,0,6.9,3.5,5.4,141.95833
1022,292,20,25.5,31.4,21.5,63,0,5.5,2,5.4,153.375
1023,293,21,24.9,30.6,21.4,61,0,6.3,2,5.4,162.875
1024,294,22,,,,,,,,,115.708336
1025,295,23,,,,,,,,,100.625
1026,296,24,,,,,,,,,91.125
1027,297,25,24.2,31.8,17.8,60,0,6.3,3.5,5.4,0.0
1028,298,26,24.4,29.8,20,62,0,6.9,3,5.4,49.333332
1029,299,27,24.4,29.6,20.6,67,-,6.9,0.9,3.5,107.333336
1030,300,28,,,,,,,,,80.166664
1031,301,29,,,,,,,,,84.041664
1032,302,30,,,,,,,,,97.25
1033,303,31,24.7,30.8,20.6,72,0,7.7,1.3,3.5,273.625
1034,304,1,23.4,29.5,21.7,83,1.02,6.3,0,-,256.0
1035,305,2,23.1,30.9,20,83,51.05,5.5,1.1,5.4,146.75
1036,306,3,21.8,30.9,19.5,87,7.11,6.3,1.5,5.4,111.458336
1037,307,4,,,,,,,,,69.041664
1038,308,5,,,,,,,,,74.75
1039,309,6,,,,,,,,,56.375
1040,310,7,23.7,28.5,20.8,69,0,6.6,1.5,3.5,20.5
1041,311,8,23,28.5,19.3,76,0,6.3,0.9,3.5,49.625
1042,312,9,20.2,27.3,18.4,92,0,4,3.5,5.4,16.583334
1043,313,10,,,,,,,,,55.916668
1044,314,11,,,,,,,,,113.625
1045,315,12,,,,,,,,,269.125
1046,316,13,19.3,24.6,17,88,14.22,6.3,0.7,3.5,353.04166
1047,317,14,20.2,24.8,16.1,75,0,5.5,0.9,3.5,257.41666
1048,318,15,19.1,24.8,17.7,89,0,4,2,5.4,204.75
1049,319,16,,,,,,,,,160.95833
1050,320,17,,,,,,,,,130.75
1051,321,18,,,,,,,,,174.79167
1052,322,19,21.7,24.6,19.5,90,14.48,4,1.9,3.5,207.83333
1053,323,20,22,26.4,19.8,87,0.51,5.8,2.2,5.4,268.16666
1054,324,21,21.9,26.4,19.6,85,14.22,6.9,2,5.4,278.33334
1055,325,22,,,,,,,,,256.70834
1056,326,23,,,,,,,,,279.58334
1057,327,24,,,,,,,,,280.20834
1058,328,25,21.4,27.5,17.5,66,0,6.9,0.2,1.9,157.5
1059,329,26,22.6,28,17.7,74,0,6.3,0,-,156.375
1060,330,27,22.7,28.9,18.6,64,0,6.9,1.3,3.5,200.5
1061,331,28,,,,,,,,,267.04166
1062,332,29,,,,,,,,,272.08334
1063,333,30,,,,,,,,,337.125
1064,334,1,21.1,23.8,19.8,91,0,6.3,0.7,5.4,272.41666
1065,335,2,21,23.9,19.6,93,1.02,6.3,0.9,3.5,166.33333
1066,336,3,21.5,24.9,18.9,87,2.79,6.9,0.9,3.5,133.04167
1067,337,4,,,,,,,,,41.166668
1068,338,5,,,,,,,,,73.666664
1069,339,6,,,,,,,,,30.375
1070,340,7,22.3,28.7,17.5,70,0,6.3,1.3,5.4,19.0
1071,341,8,21.5,28.7,17,68,0,6.3,2.2,5.4,35.041668
1072,342,9,21.4,28.2,18.4,83,0.51,5.8,1.1,3.5,66.833336
1073,343,10,,,,,,,,,62.708332
1074,344,11,,,,,,,,,296.875
1075,345,12,,,,,,,,,249.95833
1076,346,13,24.1,30.9,20.4,70,0,6.9,2,5.4,163.0
1077,347,14,23.6,30.9,19.6,79,0,6.3,2.8,5.4,161.375
1078,348,15,23.3,29.9,20,71,0,6.3,1.9,3.5,157.375
1079,349,16,,,,,,,,,162.875
1080,350,17,,,,,,,,,244.16667
1081,351,18,,,,,,,,,239.79167
1082,352,19,22.4,28.3,18.9,71,0,6.3,2.2,5.4,245.91667
1083,353,20,22.2,28.4,18.8,73,0,6.9,1.9,5.4,264.58334
1084,354,21,22.2,28.8,18.3,65,0,6.9,2.4,5.4,253.29167
1085,355,22,,,,,,,,,338.625
1086,356,23,,,,,,,,,431.83334
1087,357,24,,,,,,,,,215.25
1088,358,25,21.8,29.3,16.3,65,0,6.3,1.5,3.5,181.20833
1089,359,26,21.8,28.2,18.2,67,0,6,2.4,5.4,210.875
1090,360,27,21.8,27.7,17.9,72,0,5.3,2.8,5.4,255.33333
1091,361,28,,,,,,,,,199.91667
1092,362,29,,,,,,,,,245.5
1093,363,30,,,,,,,,,201.8
1094,364,31,-,-,-,-,-,-,-,-,140.84
1095,365,,,,,,,,,,216.0
1096,366,,,,,,,,,,67.0
1097,367,,,,,,,,,,48.0
1098,368,,,,,,,,,,75.0
1099,369,,,,,,,,,,100.0
1100,370,,,,,,,,,,143.0
1101,371,,,,,,,,,,200.0
1102,372,,,,,,,,,,195.0
1103,373,,,,,,,,,,220.0
1104,374,,,,,,,,,,253.0
1105,375,,,,,,,,,,262.0
1106,376,,,,,,,,,,287.0
1107,377,,,,,,,,,,297.0
1108,378,,,,,,,,,,281.0
1109,379,,,,,,,,,,236.0
1110,380,,,,,,,,,,206.0
1111,381,,,,,,,,,,171.0
1112,382,,,,,,,,,,134.0
1113,383,,,,,,,,,,113.0
1114,384,,,,,,,,,,101.0
1115,0,1,20.1,28.4,15.7,54,0,6,3,5.4,284.79584
1116,1,2,20.8,28.3,12.9,45,0,6.3,1.1,5.4,332.70834
1117,2,3,21.4,29,13.7,45,0,6.3,0.4,3.5,21.208334
1118,3,4,,,,,,,,,23.208334
1119,4,5,,,,,,,,,94.75
1120,5,6,,,,,,,,,38.666668
1121,6,7,21,28.7,17,65,0,6.3,3.1,5.4,61.875
1122,7,8,20.4,27.6,16.2,61,0,5.5,1.3,5.4,41.375
1123,8,9,20.7,28.4,15.1,47,0,6.3,0.9,3.5,33.166668
1124,9,10,,,,,,,,,30.333334
1125,10,11,,,,,,,,,99.708336
1126,11,12,,,,,,,,,118.916664
1127,12,13,20.3,28.5,15.7,51,0,6.3,0.7,3.5,285.225
1128,13,14,21.1,27.2,15,51,0,6.3,3.5,5.4,236.825
1129,14,15,20.6,28.2,15.2,58,0,6.3,3.1,5.4,276.90833
1130,15,16,,,,,,,,,245.65
1131,16,17,,,,,,,,,218.67084
1132,17,18,,,,,,,,,47.825
1133,18,19,21.4,28.4,17.8,73,0.51,4.8,3,5.4,108.0
1134,19,20,21.2,25.9,19.4,88,0.51,4,1.3,3.5,107.625
1135,20,21,22.6,27.4,19,78,4.32,5.3,2.8,7.6,125.89167
1136,21,22,,,,,,,,,179.30833
1137,22,23,,,,,,,,,239.85
1138,23,24,,,,,,,,,220.19167
1139,24,25,22.9,29.2,18.5,70,0,5.5,2.6,7.6,181.0125
1140,25,26,23.1,28.9,18.9,68,0,6.3,0.9,3.5,152.55417
1141,26,27,23.4,29.3,19,66,0,4.8,1.1,3.5,152.32083
1142,27,28,,,,,,,,,171.42917
1143,28,29,,,,,,,,,251.375
1144,29,30,,,,,,,,,251.82916
1145,30,31,23.1,30.7,16.4,43,0,6.3,1.5,5.4,319.7375
1146,31,1,23.3,31.4,16.4,36,0,6.9,0.9,3.5,219.72084
1147,32,2,23.7,31.9,16.3,35,0,6.9,0.9,3.5,279.6
1148,33,3,23.6,32.2,16.2,44,0,6.3,1.5,5.4,1.9166666
1149,34,4,,,,,,,,,15.166667
1150,35,5,,,,,,,,,142.5
1151,36,6,,,,,,,,,45.375
1152,37,7,23.2,31.2,17.3,61,0,5.6,1.1,3.5,0.0
1153,38,8,25.2,30.5,19.2,50,0,6.9,1.5,37,25.541666
1154,39,9,24.3,31.7,18.6,50,0,6.3,0.4,3.5,30.625
1155,40,10,,,,,,,,,26.666666
1156,41,11,,,,,,,,,217.375
1157,42,12,,,,,,,,,176.375
1158,43,13,24.8,31.9,19.5,49,0,5.5,2.4,3.5,132.20833
1159,44,14,24,32.1,19,48,0,6.3,2.2,5.4,127.708336
1160,45,15,23.1,31.2,17.3,54,0,6.6,2.8,5.4,109.333336
1161,46,16,,,,,,,,,0.0
1162,47,17,,,,,,,,,0.0
1163,48,18,,,,,,,,,0.0
1164,49,19,24.8,29.9,18,44,0,6.9,1.3,3.5,56.458332
1165,50,20,26.2,32.5,19.6,50,0,6.9,1.9,3.5,135.83333
1166,51,21,26.9,33.2,20.2,50,0,7.4,0.6,3.5,122.5
1167,52,22,,,,,,,,,119.333336
1168,53,23,,,,,,,,,67.125
1169,54,24,,,,,,,,,46.708332
1170,55,25,26.4,33.4,22.3,59,0,5.5,3,5.4,69.666664
1171,56,26,24.9,33.5,20.5,58,0,6.3,2.4,5.4,79.833336
1172,57,27,24.9,31.3,18.7,51,0,6.9,2.4,5.4,62.708332
1173,58,28,,,,,,,,,81.041664
1174,59,29,,,,,,,,,182.1875
1175,60,1,24.6,30.7,18.9,55,0,6.9,2.8,5.4,179.11667
1176,61,2,24.6,31.5,19.7,52,0,6.9,2.8,5.4,1.8333334
1177,62,3,25.3,31.7,19.6,49,0,6.3,3.1,5.4,21.25
1178,63,4,,,,,,,,,133.375
1179,64,5,,,,,,,,,65.166664
1180,65,6,,,,,,,,,29.666666
1181,66,7,25.4,33.4,18.7,46,0,6.9,1.9,3.5,28.375
1182,67,8,25.7,33.2,18.8,43,0,6.3,1.5,5.4,30.333334
1183,68,9,26.7,34.3,19.5,44,0,6.9,0.6,3.5,29.0
1184,69,10,,,,,,,,,309.375
1185,70,11,,,,,,,,,185.95833
1186,71,12,,,,,,,,,111.958336
1187,72,13,27.8,35.4,22.7,57,0,6.3,2.4,5.4,59.208332
1188,73,14,28.3,34.3,24.4,58,0,5.5,3.9,7.6,77.208336
1189,74,15,26.2,34.4,22.4,66,0,6.3,2.2,3.5,87.833336
1190,75,16,,,,,,,,,90.041664
1191,76,17,,,,,,,,,63.916668
1192,77,18,,,,,,,,,98.708336
1193,78,19,29,35.2,23.3,46,0,7.4,3.1,3.5,123.708336
1194,79,20,28.8,35.4,23.5,41,0,6.9,0.4,3.5,64.791664
1195,80,21,29.2,36,24.7,45,0,6.9,1.1,3.5,62.875
1196,81,22,,,,,,,,,88.375
1197,82,23,,,,,,,,,77.666664
1198,83,24,,,,,,,,,52.333332
1199,84,25,27.8,35.8,22.8,40,0,6.9,3,5.4,52.041668
1200,85,26,27.7,35,21.2,33,0,6.9,1.3,3.5,128.33333
1201,86,27,27.8,35.1,20.7,33,0,6.9,2.8,5.4,87.583336
1202,87,28,,,,,,,,,2.9166667
1203,88,29,,,,,,,,,0.0
1204,89,30,,,,,,,,,0.0
1205,90,31,28,35,23,44,0,6.9,1.3,3.5,115.2875
1206,91,1,28.3,34.8,23.2,43,0,7.7,0.4,3.5,166.3
1207,92,2,28.4,35.3,23.5,46,0,6.9,1.1,3.5,1.7916666
1208,93,3,28.6,35.5,23.8,46,0,6.9,2.2,5.4,25.75
1209,94,4,,,,,,,,,102.416664
1210,95,5,,,,,,,,,67.083336
1211,96,6,,,,,,,,,47.75
1212,97,7,29,35.4,24.3,53,0,7.4,1.9,5.4,40.333332
1213,98,8,28.7,36.3,23.1,60,-,6.9,1.3,3.5,31.75
1214,99,9,28.6,35.3,24.5,55,0,6.9,2.8,3.5,34.25
1215,100,10,,,,,,,,,166.91667
1216,101,11,,,,,,,,,195.375
1217,102,12,,,,,,,,,84.5
1218,103,13,30.4,37.2,25.1,50,0,6.9,2.8,7.6,46.916668
1219,104,14,31.2,37,25.4,45,0,6.9,2.2,7.6,104.625
1220,105,15,30.7,37.4,25.8,49,0,7.7,3,5.4,109.625
1221,106,16,,,,,,,,,63.458332
1222,107,17,,,,,,,,,77.041664
1223,108,18,,,,,,,,,110.875
1224,109,19,29.8,36.6,24.6,51,0,6.9,2.4,5.4,42.958332
1225,110,20,30.4,36.8,24.8,49,0,6.9,2.8,5.4,0.0
1226,111,21,30.3,37,24.3,46,0,6.9,3.1,7.6,30.875
1227,112,22,,,,,,,,,75.583336
1228,113,23,,,,,,,,,106.958336
1229,114,24,,,,,,,,,120.875
1230,115,25,27.5,39.2,23.2,64,-,6.9,1.1,5.4,79.916664
1231,116,26,29,37.1,22.8,48,0,7.7,1.5,5.4,0.0
1232,117,27,29.6,35.5,23.4,39,0,6.9,2.2,7.6,0.0
1233,118,28,,,,,,,,,0.0
1234,119,29,,,,,,,,,38.5
1235,120,30,,,,,,,,,0.0
1236,121,1,30.5,36.6,24.4,41,0,6.9,1.3,3.5,78.254166
1237,122,2,29.3,37.3,24.7,51,0,6.9,3,5.4,31.625
1238,123,3,29.8,36.6,24.5,47,0,7.7,2.2,3.5,52.416668
1239,124,4,,,,,,,,,101.75
1240,125,5,,,,,,,,,80.041664
1241,126,6,,,,,,,,,37.708332
1242,127,7,27.2,34.6,21,62,46.48,6.3,0.7,5.4,39.333332
1243,128,8,25.6,33.7,21.4,72,0,6.3,3.1,9.4,34.208332
1244,129,9,27.4,34,21,58,4.83,6.9,0.4,3.5,62.708332
1245,130,10,,,,,,,,,429.16666
1246,131,11,,,,,,,,,151.04167
1247,132,12,,,,,,,,,101.5
1248,133,13,28.3,34.6,22.3,57,1.78,6.9,0.2,1.9,106.5
1249,134,14,28.9,34.6,23.5,58,0,6.9,0.9,3.5,128.125
1250,135,15,28.8,35.1,24.6,51,0,6.9,0,-,108.0
1251,136,16,,,,,,,,,125.625
1252,137,17,,,,,,,,,137.16667
1253,138,18,,,,,,,,,101.958336
1254,139,19,24.6,28.9,20,78,30.23,6.9,3.9,5.4,98.416664
1255,140,20,25.3,30,19.6,78,34.29,6.9,5.6,9.4,94.375
1256,141,21,26.1,32.2,20.9,70,0,6.6,5,7.6,118.5
1257,142,22,,,,,,,,,89.541664
1258,143,23,,,,,,,,,87.25
1259,144,24,,,,,,,,,107.625
1260,145,25,27.6,34,22.8,63,0,6.9,4.8,7.6,110.416664
1261,146,26,27.9,33.2,22.2,63,0,6.9,3.7,7.6,95.833336
1262,147,27,26.5,33.8,23.2,70,-,6.9,3,7.6,93.5
1263,148,28,,,,,,,,,97.625
1264,149,29,,,,,,,,,76.958336
1265,150,30,,,,,,,,,72.25
1266,151,31,25.3,31.2,22.2,76,0,6.9,3.9,7.6,12.379167
1267,152,1,25.4,31.5,21.5,75,-,6.9,5,7.6,54.958332
1268,153,2,24.4,33.3,21,82,20.32,6.9,3.9,5.4,112.083336
1269,154,3,25.5,30.2,21,78,0,6.9,3.9,7.6,89.0
1270,155,4,,,,,,,,,117.958336
1271,156,5,,,,,,,,,74.166664
1272,157,6,,,,,,,,,33.083332
1273,158,7,25.7,31.4,21.6,79,47.75,6.9,3.5,5.4,41.833332
1274,159,8,24.5,30.9,22,81,0,6.3,5.2,7.6,11.625
1275,160,9,24.6,30.4,21.4,77,5.08,7.7,5.2,7.6,65.083336
1276,161,10,,,,,,,,,332.45834
1277,162,11,,,,,,,,,170.875
1278,163,12,,,,,,,,,56.291668
1279,164,13,22.5,29.6,20.6,86,1.02,6.9,5.6,7.6,77.0
1280,165,14,23.6,27.7,20.1,75,15.75,6.9,5.6,11.1,32.958332
1281,166,15,23.7,29.2,20.7,74,1.02,6.9,4.6,11.1,40.833332
1282,167,16,,,,,,,,,42.541668
1283,168,17,,,,,,,,,93.083336
1284,169,18,,,,,,,,,80.625
1285,170,19,23.7,28.2,20.8,78,1.27,6.9,4.1,7.6,90.708336
1286,171,20,23.3,29.9,20,82,1.27,6.3,5,7.6,97.291664
1287,172,21,22.7,28.5,20.4,82,3.3,6.9,4.6,7.6,79.833336
1288,173,22,,,,,,,,,87.75
1289,174,23,,,,,,,,,63.5
1290,175,24,,,,,,,,,50.708332
1291,176,25,21.2,27.5,19.3,85,8.89,6.3,5.9,7.6,40.375
1292,177,26,23.3,26.5,19.7,78,0,6.9,5.6,7.6,49.416668
1293,178,27,22.5,28.2,20.8,84,-,6.9,5.7,7.6,43.666668
1294,179,28,,,,,,,,,52.166668
1295,180,29,,,,,,,,,49.583332
1296,181,30,,,,,,,,,154.0375
1297,182,1,23.2,27.6,20.2,80,0,6.3,8.3,11.1,54.791668
1298,183,2,23.8,28.2,19.9,76,0.76,6.9,8.1,11.1,105.833336
1299,184,3,23.6,28.8,20.2,78,0,6.3,9.1,11.1,81.833336
1300,185,4,,,,,,,,,147.83333
1301,186,5,,,,,,,,,66.083336
1302,187,6,,,,,,,,,49.125
1303,188,7,23.6,26.7,20.3,78,7.11,6.3,8.7,11.1,50.333332
1304,189,8,22.7,27.4,20.6,85,0,5.5,8.1,11.1,0.0
1305,190,9,22.1,26.4,20.1,83,-,5.5,9.1,14.8,61.708332
1306,191,10,,,,,,,,,321.54166
1307,192,11,,,,,,,,,239.125
1308,193,12,,,,,,,,,35.208332
1309,194,13,23.8,28.1,20.1,71,0,7.4,10.9,18.3,37.625
1310,195,14,25,29.5,19.7,70,0,6.9,6.1,11.1,41.458332
1311,196,15,24.8,30.7,21.5,73,-,6.9,4.8,7.6,53.125
1312,197,16,,,,,,,,,54.875
1313,198,17,,,,,,,,,65.75
1314,199,18,,,,,,,,,38.583332
1315,200,19,22.9,28.3,20,77,0,6.3,4.1,7.6,36.0
1316,201,20,22.6,28.4,20.1,81,3.3,6.3,5,7.6,70.583336
1317,202,21,21.9,27.7,19.6,82,23.11,7.7,5.7,11.1,52.458332
1318,203,22,,,,,,,,,36.583332
1319,204,23,,,,,,,,,45.583332
1320,205,24,,,,,,,,,33.166668
1321,206,25,23.9,29,20.4,81,0,6.9,4.6,9.4,38.25
1322,207,26,23.3,30.3,20.1,84,32.51,6.3,3.1,5.4,26.583334
1323,208,27,24.1,29.1,20.7,82,24.89,6.3,3.3,7.6,57.583332
1324,209,28,,,,,,,,,30.708334
1325,210,29,,,,,,,,,35.375
1326,211,30,,,,,,,,,15.416667
1327,212,31,22.4,26,19.4,82,10.41,6.9,6.1,7.6,223.20833
1328,213,1,22.2,27,19.8,78,0,6.3,7.4,11.1,93.375
1329,214,2,22.9,27.2,19.3,71,0,8.5,8.3,11.1,117.583336
1330,215,3,22.1,27.6,19.1,76,-,6.9,9.8,14.8,105.333336
1331,216,4,,,,,,,,,158.29167
1332,217,5,,,,,,,,,77.666664
1333,218,6,,,,,,,,,43.666668
1334,219,7,23.3,28.3,20,75,-,6.9,7,9.4,35.375
1335,220,8,23.5,28.2,20,76,-,6.9,8,11.1,0.0
1336,221,9,23.8,27.8,20.5,73,0,7.7,6.7,11.1,60.541668
1337,222,10,,,,,,,,,278.0
1338,223,11,,,,,,,,,365.29166
1339,224,12,,,,,,,,,35.291668
1340,225,13,24,29,20.6,77,-,6.3,5.9,11.1,26.833334
1341,226,14,22.9,28.2,20,77,-,6.9,4.1,5.4,21.125
1342,227,15,23.5,28.8,19.5,74,4.32,7.7,5.9,9.4,18.0
1343,228,16,,,,,,,,,28.041666
1344,229,17,,,,,,,,,34.875
1345,230,18,,,,,,,,,35.708332
1346,231,19,23.9,29,20.3,71,0.25,6.9,6.7,9.4,43.583332
1347,232,20,24.4,30.2,20.4,71,0,6.9,5,9.4,46.041668
1348,233,21,24.3,30.1,20.4,74,1.78,6.9,4.1,5.4,28.75
1349,234,22,,,,,,,,,70.541664
1350,235,23,,,,,,,,,58.541668
1351,236,24,,,,,,,,,82.875
1352,237,25,23.1,29.3,21,77,15.24,6.3,4.1,7.6,64.916664
1353,238,26,23.8,28.2,19.9,76,-,5.5,6.9,11.1,30.666666
1354,239,27,23.3,28.7,21.2,79,0.25,6.9,5,7.6,31.75
1355,240,28,,,,,,,,,41.041668
1356,241,29,,,,,,,,,45.25
1357,242,30,,,,,,,,,34.416668
1358,243,31,22.4,27.2,20.4,87,0.25,5.5,5.4,7.6,200.64583
1359,244,1,23.2,26.6,20,82,2.79,7.4,5,7.6,103.0
1360,245,2,22.6,26.7,20.6,82,0,6.3,5.2,7.6,122.708336
1361,246,3,23.7,27.2,20.4,75,0,6.9,6.1,11.1,117.75
1362,247,4,,,,,,,,,149.58333
1363,248,5,,,,,,,,,70.25
1364,249,6,,,,,,,,,29.833334
1365,250,7,23.1,27.2,18.8,69,0.51,7.7,4.3,5.4,31.916666
1366,251,8,23.9,28.6,19.3,67,0,6.9,5,7.6,0.0
1367,252,9,24.3,29.4,20.4,69,-,6.3,4.1,7.6,41.583332
1368,253,10,,,,,,,,,192.33333
1369,254,11,,,,,,,,,312.20834
1370,255,12,,,,,,,,,76.875
1371,256,13,23.6,26.5,20.5,75,0,6.3,5.2,7.6,83.458336
1372,257,14,23.8,27.8,20.4,76,-,6.9,4.6,5.4,71.666664
1373,258,15,22.9,28.6,20.5,79,0.51,6.3,5.6,9.4,65.625
1374,259,16,,,,,,,,,53.375
1375,260,17,,,,,,,,,56.083332
1376,261,18,,,,,,,,,69.708336
1377,262,19,24.4,29,19.8,68,0,6.9,6.3,11.1,62.375
1378,263,20,23.2,30.6,19.7,71,0,6.9,6.7,9.4,24.875
1379,264,21,22.7,27.4,20.2,76,0.25,6.9,7.4,11.1,37.333332
1380,265,22,,,,,,,,,50.125
1381,266,23,,,,,,,,,46.541668
1382,267,24,,,,,,,,,43.958332
1383,268,25,22.6,25.8,19.8,79,0.25,5.5,5,9.4,41.5
1384,269,26,24.1,28,20.5,76,0,6.9,5,7.6,38.791668
1385,270,27,24.3,28.6,20.9,75,0,7.4,6.9,11.1,48.916668
1386,271,28,,,,,,,,,76.916664
1387,272,29,,,,,,,,,34.458332
1388,273,30,,,,,,,,,154.875
1389,274,1,23.2,29.7,19.6,72,0,6.3,4.6,7.6,211.125
1390,275,2,23.6,29.5,18.8,68,0,6.3,3.7,7.6,76.541664
1391,276,3,25.3,30.7,20.3,64,0,5.5,3.5,5.4,20.791666
1392,277,4,,,,,,,,,107.291664
1393,278,5,,,,,,,,,75.125
1394,279,6,,,,,,,,,29.666666
1395,280,7,24.6,31.6,19.7,60,0,6.3,3,5.4,36.791668
1396,281,8,24.6,30.6,19.8,65,0,6.3,5.2,7.6,0.0
1397,282,9,23.9,31.3,19.6,70,-,6.3,5,5.4,50.916668
1398,283,10,,,,,,,,,235.33333
1399,284,11,,,,,,,,,237.625
1400,285,12,,,,,,,,,80.041664
1401,286,13,23.6,29.3,20.1,72,2.54,5.3,1.5,3.5,82.833336
1402,287,14,24.8,29,21,59,0,6.9,1.3,3.5,95.25
1403,288,15,23.9,30.6,19.4,54,0,6.9,1.9,3.5,115.833336
1404,289,16,,,,,,,,,149.66667
1405,290,17,,,,,,,,,145.58333
1406,291,18,,,,,,,,,126.166664
1407,292,19,25,31.2,18.7,48,0,6.9,0.9,3.5,136.70833
1408,293,20,24.6,31.1,19.1,50,0,6.9,1.5,3.5,160.66667
1409,294,21,24.9,31.2,19.1,50,0,6.3,2.8,3.5,173.58333
1410,295,22,,,,,,,,,168.625
1411,296,23,,,,,,,,,174.66667
1412,297,24,,,,,,,,,245.66667
1413,298,25,24.8,31.3,19.8,49,0,6.3,0.9,3.5,261.66666
1414,299,26,24.2,31,18.4,52,0,6.9,0.7,5.4,272.41666
1415,300,27,25.2,30.8,19.4,45,0,7.4,1.1,3.5,226.29167
1416,301,28,,,,,,,,,291.70834
1417,302,29,,,,,,,,,207.33333
1418,303,30,,,,,,,,,149.625
1419,304,31,24.5,30.7,20.1,68,-,6.3,4.1,5.4,129.3875
1420,305,1,23.7,30.6,20.8,72,-,5.5,2.2,7.6,192.29167
1421,306,2,24.1,29.1,20.1,66,1.52,6.3,2.2,3.5,159.08333
1422,307,3,25.2,30,20.9,61,0,6.9,2.6,7.6,64.791664
1423,308,4,,,,,,,,,96.25
1424,309,5,,,,,,,,,37.166668
1425,310,6,,,,,,,,,56.708332
1426,311,7,24,31.5,18.7,49,0,6.9,2.2,3.5,33.291668
1427,312,8,23.4,30.6,18.8,48,0,6.9,3,7.6,0.0
1428,313,9,22.5,30.3,17.7,49,0,6.9,2.8,7.6,40.958332
1429,314,10,,,,,,,,,153.29167
1430,315,11,-,-,-,-,-,-,-,-,179.33333
1431,316,12,,,,,,,,,224.16667
1432,317,13,,,,,,,,,196.75
1433,318,14,24.1,30.9,20.4,68,0,5.5,4.3,5.4,221.54167
1434,319,15,24.6,30.1,20.3,61,0,6.9,2.6,7.6,210.54167
1435,320,16,24.3,30.4,19.6,65,0,6.9,3.7,7.6,251.20833
1436,321,17,,,,,,,,,172.83333
1437,322,18,,,,,,,,,166.70833
1438,323,19,,,,,,,,,130.70833
1439,324,20,23.3,29.7,18.4,57,0,6.9,3.1,5.4,194.70833
1440,325,21,22.9,30.5,18.1,47,0,6.9,3.5,5.4,250.875
1441,326,22,22.9,31,16.6,40,0,7.7,2.8,3.5,274.875
1442,327,23,,,,,,,,,207.91667
1443,328,24,,,,,,,,,134.45833
1444,329,25,,,,,,,,,110.0
1445,330,26,23.4,31.5,15.9,33,0,7.4,2.2,5.4,160.0
1446,331,27,22.6,31.5,15,39,0,6.9,0.9,3.5,217.91667
1447,332,28,23,32.5,14.2,39,0,6.3,1.3,3.5,184.20833
1448,333,29,,,,,,,,,130.91667
1449,334,30,,,,,,,,,224.24583
1450,335,1,21.6,30,17.6,58,-,6.9,3,3.5,152.0
1451,336,2,21,26.9,18,86,5.08,5.5,2,5.4,147.95833
1452,337,3,21.1,26.9,18.9,88,4.32,6.3,4.1,5.4,87.375
1453,338,4,,,,,,,,,76.25
1454,339,5,,,,,,,,,57.375
1455,340,6,,,,,,,,,39.25
1456,341,7,22.1,28,15,59,0,6.3,2.4,5.4,35.5
1457,342,8,22.8,29,18.4,61,0,6.6,1.9,5.4,26.166666
1458,343,9,22.6,29.5,16.2,42,0,6.9,1.9,3.5,60.666668
1459,344,10,,,,,,,,,171.54167
1460,345,11,,,,,,,,,122.541664
1461,346,12,,,,,,,,,121.333336
1462,347,13,18.9,25,17.7,97,60.71,4,4.3,5.4,202.875
1463,348,14,20.3,22,18.6,90,4.32,4,3.9,5.4,260.16666
1464,349,15,21.8,26.5,17.9,70,0,6.3,3.7,7.6,403.95834
1465,350,16,,,,,,,,,455.58334
1466,351,17,,,,,,,,,382.70834
1467,352,18,,,,,,,,,277.70834
1468,353,19,22,28.9,16.7,57,0,6.3,2.8,5.4,284.16666
1469,354,20,21.8,29.4,15.6,67,0,6.9,3.5,5.4,288.41666
1470,355,21,22.6,29,17.7,63,0,5.8,1.3,3.5,256.83334
1471,356,22,,,,,,,,,175.75
1472,357,23,,,,,,,,,180.79167
1473,358,24,,,,,,,,,166.91667
1474,359,25,20.6,30.5,14.7,62,0,6,2.2,3.5,169.0
1475,360,26,21.8,29,14.8,46,0,5.8,1.5,3.5,186.04167
1476,361,27,21.5,30.4,14.9,42,0,6,3,5.4,185.58333
1477,362,28,,,,,,,,,114.083336
1478,363,29,,,,,,,,,140.45833
1479,364,30,,,,,,,,,108.083336
1480,365,31,-,-,-,-,-,-,-,-,
1481,0,1,21,27.6,14.6,61,0,6,2.2,3.5,284.79584
1482,1,2,21.6,27.7,17,59,0,6.8,2,3.5,332.70834
1483,2,3,22.3,29,16.1,48,0,6.9,2.8,3.5,21.208334
1484,3,4,,,,,,,,,23.208334
1485,4,5,,,,,,,,,94.75
1486,5,6,,,,,,,,,38.666668
1487,6,7,20.9,29,16,66,0,5.5,2.2,3.5,61.875
1488,7,8,20.9,27.8,16,62,0,6.3,3,5.4,41.375
1489,8,9,21,28.5,15,58,0,6.8,3,5.4,33.166668
1490,9,10,,,,,,,,,30.333334
1491,10,11,,,,,,,,,99.708336
1492,11,12,,,,,,,,,118.916664
1493,12,13,21.2,28,16.9,66,0,5.5,2.2,3.5,285.225
1494,13,14,20.7,28.3,17.2,61,0,6.3,2.2,3.5,236.825
1495,14,15,20.7,27.2,15.5,61,0,6.3,3.3,5.4,276.90833
1496,15,16,,,,,,,,,245.65
1497,16,17,,,,,,,,,218.67084
1498,17,18,,,,,,,,,47.825
1499,18,19,20.4,28.2,15.8,64,0,6.3,2.8,7.6,108.0
1500,19,20,21.7,27.6,15.3,64,0,6.3,3.5,5.4,107.625
1501,20,21,21.7,28.9,18.5,68,0,6.3,5.2,11.1,125.89167
1502,21,22,,,,,,,,,179.30833
1503,22,23,,,,,,,,,239.85
1504,23,24,,,,,,,,,220.19167
1505,24,25,22.6,30.3,16.7,52,0,6.3,3.1,5.4,181.0125
1506,25,26,21.9,29.2,18.3,75,-,4,3.7,7.6,152.55417
1507,26,27,22.1,26,19.7,79,0.25,6.3,3.5,5.4,152.32083
1508,27,28,,,,,,,,,171.42917
1509,28,29,,,,,,,,,251.375
1510,29,30,,,,,,,,,251.82916
1511,30,31,23.9,31.7,18.2,54,0,6.9,2.8,7.6,319.7375
1512,31,1,23.1,32,16,46,0,6.9,3.3,3.5,219.72084
1513,32,2,23.5,31.5,16.4,40,0,7.7,3.1,3.5,279.6
1514,33,3,22.7,31.7,16.7,50,0,6.9,3.1,5.4,1.9166666
1515,34,4,,,,,,,,,15.166667
1516,35,5,,,,,,,,,142.5
1517,36,6,,,,,,,,,45.375
1518,37,7,23.9,30.9,16.1,36,0,6.9,3.1,5.4,0.0
1519,38,8,23.8,32.2,16.6,37,0,6.3,3,7.6,25.541666
1520,39,9,23.4,32,15.8,35,0,6.9,3.1,5.4,30.625
1521,40,10,,,,,,,,,26.666666
1522,41,11,,,,,,,,,217.375
1523,42,12,,,,,,,,,176.375
1524,43,13,22.1,29.6,15.8,54,0,6.9,4.3,5.4,132.20833
1525,44,14,22.6,28.8,17.4,61,0,6.3,3.5,5.4,127.708336
1526,45,15,23.1,29,17.3,45,0,6.9,3.9,5.4,109.333336
1527,46,16,,,,,,,,,0.0
1528,47,17,,,,,,,,,0.0
1529,48,18,,,,,,,,,0.0
1530,49,19,23.7,31.2,16.8,42,0,6.9,1.5,5.4,56.458332
1531,50,20,24.6,31.8,17.7,38,0,6.3,1.9,3.5,135.83333
1532,51,21,25.9,33.4,19.3,41,0,6.3,2.4,5.4,122.5
1533,52,22,,,,,,,,,119.333336
1534,53,23,,,,,,,,,67.125
1535,54,24,,,,,,,,,46.708332
1536,55,25,26.7,35.5,19,31,0,5.5,1.9,3.5,69.666664
1537,56,26,25.8,34.9,20,41,0,6.9,3.3,5.4,79.833336
1538,57,27,24.3,33.3,19.1,36,0,6.9,4.3,9.4,62.708332
1539,58,28,,,,,,,,,81.041664
1540,59,1,24.2,32.5,16.9,29,0,6.9,3.3,7.6,182.1875
1541,60,2,24.4,32,15.7,33,0,6.9,3.9,5.4,179.11667
1542,61,3,25.8,32,18.2,43,0,6.9,3,5.4,1.8333334
1543,62,4,,,,,,,,,21.25
1544,63,5,,,,,,,,,133.375
1545,64,6,,,,,,,,,65.166664
1546,65,7,26.2,33.1,21.5,60,-,6.9,3,5.4,29.666666
1547,66,8,25.6,33.8,21.1,62,36.83,6.9,0.4,3.5,28.375
1548,67,9,26.7,32.5,21.2,54,0,6.9,2.8,5.4,30.333334
1549,68,10,,,,,,,,,29.0
1550,69,11,,,,,,,,,309.375
1551,70,12,,,,,,,,,185.95833
1552,71,13,26.6,34.3,22.2,57,-,6.9,3.3,3.5,111.958336
1553,72,14,25.2,34,22,67,2.54,6.9,3.1,5.4,59.208332
1554,73,15,25.3,30.4,20.8,57,0,6.9,3.9,7.6,77.208336
1555,74,16,,,,,,,,,87.833336
1556,75,17,,,,,,,,,90.041664
1557,76,18,,,,,,,,,63.916668
1558,77,19,28,35,22.4,45,0,6.9,3.1,5.4,98.708336
1559,78,20,28,36,23.2,48,0,6.9,3,5.4,123.708336
1560,79,21,27.4,34.8,22.4,49,0,6.9,2.4,3.5,64.791664
1561,80,22,,,,,,,,,62.875
1562,81,23,,,,,,,,,88.375
1563,82,24,,,,,,,,,77.666664
1564,83,25,28.1,35.6,20.6,25,0,6.9,1.9,3.5,52.333332
1565,84,26,28.6,37.2,21.6,28,0,6.9,2.8,5.4,52.041668
1566,85,27,28.3,36.1,21.2,28,0,6.9,2.4,5.4,128.33333
1567,86,28,,,,,,,,,87.583336
1568,87,29,,,,,,,,,2.9166667
1569,88,30,,,,,,,,,0.0
1570,89,31,29.2,35.4,22.1,30,0,6.9,2.8,5.4,0.0
1571,90,1,28.6,35.8,22.5,34,0,6.9,2.8,5.4,115.2875
1572,91,2,28.9,36.3,21.9,40,0,6.9,3.1,3.5,166.3
1573,92,3,29.4,35.6,23.5,39,0,6.9,3.9,5.4,1.7916666
1574,93,4,,,,,,,,,25.75
1575,94,5,,,,,,,,,102.416664
1576,95,6,,,,,,,,,67.083336
1577,96,7,28.6,35.5,22.5,49,0.51,6.9,3,5.4,47.75
1578,97,8,30.1,36,24.5,39,0,6.9,3.5,5.4,40.333332
1579,98,9,29.4,36.5,24.4,43,0,8.5,3.5,3.5,31.75
1580,99,10,,,,,,,,,34.25
1581,100,11,,,,,,,,,166.91667
1582,101,12,,,,,,,,,195.375
1583,102,13,29.3,37,24,31,0,6.9,1.9,3.5,84.5
1584,103,14,28.8,36.5,23.2,36,0,6.9,4.1,7.6,46.916668
1585,104,15,29,35.6,22.6,38,0,6.9,3.9,5.4,104.625
1586,105,16,,,,,,,,,109.625
1587,106,17,,,,,,,,,63.458332
1588,107,18,,,,,,,,,77.041664
1589,108,19,28.9,35.6,23.5,53,0,6.9,4.1,5.4,110.875
1590,109,20,26.6,35.7,23,65,0,6.9,4.3,7.6,42.958332
1591,110,21,26.9,35.2,21.7,60,1.02,6.3,4.4,5.4,0.0
1592,111,22,,,,,,,,,30.875
1593,112,23,,,,,,,,,75.583336
1594,113,24,,,,,,,,,106.958336
1595,114,25,27.5,37,22.6,53,-,6.9,4.8,7.6,120.875
1596,115,26,28.7,37,22.5,47,1.02,6.9,1.3,3.5,79.916664
1597,116,27,29.1,35.6,24,48,0,6.9,3,5.4,0.0
1598,117,28,,,,,,,,,0.0
1599,118,29,,,,,,,,,0.0
1600,119,30,,,,,,,,,38.5
1601,120,1,26.8,35.6,20.5,48,0,6.9,3.9,9.4,0.0
1602,121,2,27.6,35.1,22.3,49,0,6.9,3.3,7.6,78.254166
1603,122,3,28.2,34.2,23.3,51,0,6.9,2.8,3.5,31.625
1604,123,4,,,,,,,,,52.416668
1605,124,5,,,,,,,,,101.75
1606,125,6,,,,,,,,,80.041664
1607,126,7,27.3,36.6,21,55,-,6.3,3.1,7.6,37.708332
1608,127,8,26.9,37,20.8,59,0,6.9,2.8,3.5,39.333332
1609,128,9,26,33.2,22.5,67,-,6.9,3.1,7.6,34.208332
1610,129,10,,,,,,,,,62.708332
1611,130,11,,,,,,,,,429.16666
1612,131,12,,,,,,,,,151.04167
1613,132,13,28.1,33,23.7,60,0,6.9,2,5.4,101.5
1614,133,14,27.1,33.8,22.5,63,0,6.9,5,7.6,106.5
1615,134,15,27.1,35,21.8,58,2.54,6.3,6.9,18.3,128.125
1616,135,16,,,,,,,,,108.0
1617,136,17,,,,,,,,,125.625
1618,137,18,,,,,,,,,137.16667
1619,138,19,26.2,35.5,19.4,67,20.07,6.9,4.3,7.6,101.958336
1620,139,20,26.8,33.7,20.2,61,0,6.9,4.8,9.4,98.416664
1621,140,21,26.1,35.1,19.9,70,40.89,6.9,4.6,7.6,94.375
1622,141,22,,,,,,,,,118.5
1623,142,23,,,,,,,,,89.541664
1624,143,24,,,,,,,,,87.25
1625,144,25,27.6,34,21.9,67,0,8.5,4.3,7.6,107.625
1626,145,26,26.2,33.3,21,75,0,6.9,6.1,9.4,110.416664
1627,146,27,23.1,33.1,20,84,83.31,6.3,5,7.6,95.833336
1628,147,28,,,,,,,,,93.5
1629,148,29,,,,,,,,,97.625
1630,149,30,,,,,,,,,76.958336
1631,150,31,24.9,31.2,20.8,74,0.51,6.9,6.3,9.4,72.25
1632,151,1,26.1,31.5,20.8,69,0,6.9,4.4,5.4,12.379167
1633,152,2,26.4,32.1,21.8,70,0,6.9,6.3,9.4,54.958332
1634,153,3,25.7,32.4,22,70,0,6.9,6.3,7.6,112.083336
1635,154,4,,,,,,,,,89.0
1636,155,5,,,,,,,,,117.958336
1637,156,6,,,,,,,,,74.166664
1638,157,7,23.9,31.2,22,71,-,6.9,7.4,9.4,33.083332
1639,158,8,25,29.6,21.5,67,0,6.9,7.4,9.4,41.833332
1640,159,9,23.4,29.6,21.1,77,0,6.9,8.1,14.8,11.625
1641,160,10,,,,,,,,,65.083336
1642,161,11,,,,,,,,,332.45834
1643,162,12,,,,,,,,,170.875
1644,163,13,24.2,27.5,20.7,78,1.02,6.9,7.2,9.4,56.291668
1645,164,14,25.8,29.7,22,66,1.02,6.9,7.4,11.1,77.0
1646,165,15,25.1,31.2,21.5,67,0,6.9,7,9.4,32.958332
1647,166,16,,,,,,,,,40.833332
1648,167,17,,,,,,,,,42.541668
1649,168,18,,,,,,,,,93.083336
1650,169,19,23.4,29,20,76,3.56,6.9,5.2,9.4,80.625
1651,170,20,24.2,28,21,83,0,6.9,5.7,7.6,90.708336
1652,171,21,24.6,29,20.8,75,0.25,6.9,7.8,9.4,97.291664
1653,172,22,,,,,,,,,79.833336
1654,173,23,,,,,,,,,87.75
1655,174,24,,,,,,,,,63.5
1656,175,25,23.8,29.4,20.6,77,-,6.9,8.9,14.8,50.708332
1657,176,26,24.2,29,20.4,71,0,7.4,11.9,18.3,40.375
1658,177,27,23.6,29.5,20.4,73,361.19,7.4,10.9,14.8,49.416668
1659,178,28,,,,,,,,,43.666668
1660,179,29,,,,,,,,,52.166668
1661,180,30,,,,,,,,,49.583332
1662,181,1,24.6,29,19.3,69,-,6.9,8,11.1,154.0375
1663,182,2,25.2,29.7,20.5,66,0,6.9,7.2,11.1,54.791668
1664,183,3,23.8,29.9,20.9,76,-,6.9,7.6,14.8,105.833336
1665,184,4,,,,,,,,,81.833336
1666,185,5,,,,,,,,,147.83333
1667,186,6,,,,,,,,,66.083336
1668,187,7,23.2,29.3,20.5,79,6.1,6.9,3.9,5.4,49.125
1669,188,8,23.2,27.4,20.4,78,2.54,6.9,4.4,7.6,50.333332
1670,189,9,24.4,28.2,20.2,68,0,6.9,5,9.4,0.0
1671,190,10,,,,,,,,,61.708332
1672,191,11,,,,,,,,,321.54166
1673,192,12,,,,,,,,,239.125
1674,193,13,22.9,28.5,20,75,1.52,7.4,7.6,51.9,35.208332
1675,194,14,22.9,27,20,73,0,6.9,9.4,14.8,37.625
1676,195,15,22.2,27.2,20.2,80,-,6.9,11.1,14.8,41.458332
1677,196,16,,,,,,,,,53.125
1678,197,17,,,,,,,,,54.875
1679,198,18,,,,,,,,,65.75
1680,199,19,22.2,26.6,20.6,87,-,6.9,10.2,14.8,38.583332
1681,200,20,23.5,26.7,20.6,66,9.4,6.9,9.1,11.1,36.0
1682,201,21,23.8,28.7,19.7,74,0.76,6.9,8.1,11.1,70.583336
1683,202,22,,,,,,,,,52.458332
1684,203,23,,,,,,,,,36.583332
1685,204,24,,,,,,,,,45.583332
1686,205,25,25.2,30.3,20.5,65,-,6.9,7.2,9.4,33.166668
1687,206,26,25.4,30.5,20.5,64,0,6.9,9.1,14.8,38.25
1688,207,27,24.4,30.2,20.5,71,-,6.9,8.3,14.8,26.583334
1689,208,28,,,,,,,,,57.583332
1690,209,29,,,,,,,,,30.708334
1691,210,30,,,,,,,,,35.375
1692,211,31,24.9,30.7,22,75,1.27,5.8,3,7.6,15.416667
1693,212,1,25.2,30.5,21.4,67,8.38,6.9,4.8,11.1,223.20833
1694,213,2,25,31.5,21.6,69,1.78,6.9,5.7,9.4,93.375
1695,214,3,24.3,31.2,20.3,72,0,6.9,8.9,14.8,117.583336
1696,215,4,,,,,,,,,105.333336
1697,216,5,,,,,,,,,158.29167
1698,217,6,,,,,,,,,77.666664
1699,218,7,25.7,30.2,21.2,65,0,6.3,7.2,11.1,43.666668
1700,219,8,25.8,31.2,22,66,-,6.9,5,14.8,35.375
1701,220,9,23.8,31.3,21.5,79,1.02,6.9,5.6,11.1,0.0
1702,221,10,,,,,,,,,60.541668
1703,222,11,,,,,,,,,278.0
1704,223,12,,,,,,,,,365.29166
1705,224,13,23.3,27.6,21.2,75,0,6.3,2.8,5.4,35.291668
1706,225,14,24.8,27.6,21.6,67,0,6.9,1.9,5.4,26.833334
1707,226,15,22.3,28.3,19.2,84,128.78,6.9,2.2,7.6,21.125
1708,227,16,,,,,,,,,18.0
1709,228,17,,,,,,,,,28.041666
1710,229,18,,,,,,,,,34.875
1711,230,19,22.6,28.9,20.3,84,5.33,6.3,6.7,14.8,35.708332
1712,231,20,22.3,28.6,20.3,86,13.21,6.9,8.1,11.1,43.583332
1713,232,21,23.6,27,20.3,78,3.3,6.9,7,9.4,46.041668
1714,233,22,,,,,,,,,28.75
1715,234,23,,,,,,,,,70.541664
1716,235,24,,,,,,,,,58.541668
1717,236,25,22.8,26.8,20.5,86,31.75,4.8,6.3,9.4,82.875
1718,237,26,23.8,28,20.8,77,0,6.9,9.1,11.1,64.916664
1719,238,27,22.3,28.5,21,89,0.25,4.8,7.6,14.8,30.666666
1720,239,28,,,,,,,,,31.75
1721,240,29,,,,,,,,,41.041668
1722,241,30,,,,,,,,,45.25
1723,242,31,24.9,29,20.5,73,-,6.4,4.8,9.4,34.416668
1724,243,1,23.7,30.6,19.8,84,71.88,6.3,4.1,7.6,200.64583
1725,244,2,22.6,27.8,20.8,92,33.02,4.8,1.9,5.4,103.0
1726,245,3,23.2,27.3,19.9,87,21.84,5.5,3.7,7.6,122.708336
1727,246,4,,,,,,,,,117.75
1728,247,5,,,,,,,,,149.58333
1729,248,6,,,,,,,,,70.25
1730,249,7,24.1,28.5,21.3,83,6.6,6.3,1.9,3.5,29.833334
1731,250,8,23.9,30,20.5,82,1.27,6.3,2,11.1,31.916666
1732,251,9,23.6,28.2,20,82,68.33,6.8,2,5.4,0.0
1733,252,10,,,,,,,,,41.583332
1734,253,11,,,,,,,,,192.33333
1735,254,12,,,,,,,,,312.20834
1736,255,13,25.3,31,22.2,72,0,6.9,4.6,7.6,76.875
1737,256,14,24.8,30.6,21,75,-,6.9,5.9,11.1,83.458336
1738,257,15,23.7,31.1,21,78,2.29,6.9,6.3,7.6,71.666664
1739,258,16,,,,,,,,,65.625
1740,259,17,,,,,,,,,53.375
1741,260,18,,,,,,,,,56.083332
1742,261,19,23.1,27.2,20.4,75,0,6.3,11.7,14.8,69.708336
1743,262,20,23.2,27.7,19.4,68,0,6.9,10.9,18.3,62.375
1744,263,21,22.8,28.5,19.3,80,0,6.3,10,14.8,24.875
1745,264,22,,,,,,,,,37.333332
1746,265,23,,,,,,,,,50.125
1747,266,24,,,,,,,,,46.541668
1748,267,25,22.8,29,19.4,81,54.36,6.3,3.3,5.4,43.958332
1749,268,26,23.8,27.2,20.6,78,9.14,6.9,3.9,9.4,41.5
1750,269,27,21.9,28.1,20,91,55.88,5.5,4.1,7.6,38.791668
1751,270,28,,,,,,,,,48.916668
1752,271,29,,,,,,,,,76.916664
1753,272,30,,,,,,,,,34.458332
1754,273,1,23.1,27.4,20.7,85,0.51,6.3,4.3,7.6,154.875
1755,274,2,23.3,28.4,19.4,82,45.97,6.3,3.1,5.4,211.125
1756,275,3,24.9,28,20.6,74,0,6.9,4.3,7.6,76.541664
1757,276,4,,,,,,,,,20.791666
1758,277,5,,,,,,,,,107.291664
1759,278,6,,,,,,,,,75.125
1760,279,7,23.7,29,21.2,84,14.48,5.5,1.1,5.4,29.666666
1761,280,8,24.6,28.8,21.3,80,48.01,6.9,3,7.6,36.791668
1762,281,9,24.8,29,21.5,80,2.03,6.6,3.1,37,0.0
1763,282,10,,,,,,,,,50.916668
1764,283,11,,,,,,,,,235.33333
1765,284,12,,,,,,,,,237.625
1766,285,13,22.9,27.5,20.5,87,68.07,5.3,2.4,5.4,80.041664
1767,286,14,22.1,27.6,19.8,93,34.04,3.7,1.9,9.4,82.833336
1768,287,15,22.3,25.6,19.6,85,40.39,5.3,6.5,7.6,95.25
1769,288,16,,,,,,,,,115.833336
1770,289,17,,,,,,,,,149.66667
1771,290,18,,,,,,,,,145.58333
1772,291,19,23.7,29,20.1,67,0,6,1.3,3.5,126.166664
1773,292,20,24.4,29.8,20.4,67,0,6.3,3.1,7.6,136.70833
1774,293,21,24.8,30.6,20.4,66,0,6.3,3.1,7.6,160.66667
1775,294,22,,,,,,,,,173.58333
1776,295,23,,,,,,,,,168.625
1777,296,24,,,,,,,,,174.66667
1778,297,25,25.2,31.3,20.8,64,0,6.3,2.4,5.4,245.66667
1779,298,26,23.7,29.6,21,68,0,7.7,2.4,5.4,261.66666
1780,299,27,23.9,28.8,20.2,68,0,6.9,2,5.4,272.41666
1781,300,28,,,,,,,,,226.29167
1782,301,29,,,,,,,,,291.70834
1783,302,30,,,,,,,,,207.33333
1784,303,31,22.2,26.7,19.4,71,0,6.9,5.6,7.6,149.625
1785,304,1,21.7,25,19.9,78,0,6.9,5,7.6,129.3875
1786,305,2,22.9,26.6,18.8,66,0.25,6.9,3.7,7.6,192.29167
1787,306,3,23.2,27.8,19.3,66,0,6.9,3.1,7.6,159.08333
1788,307,4,,,,,,,,,64.791664
1789,308,5,,,,,,,,,96.25
1790,309,6,,,,,,,,,37.166668
1791,310,7,21.5,25.6,19.2,87,1.52,6.9,3,5.4,56.708332
1792,311,8,22,26,18.3,80,13.46,6.9,2.2,7.6,33.291668
1793,312,9,22.5,27.2,18.6,64,0,6.3,3.9,5.4,0.0
1794,313,10,,,,,,,,,40.958332
1795,314,11,,,,,,,,,153.29167
1796,315,12,,,,,,,,,179.33333
1797,316,13,23.6,28.2,19.3,65,0,6.3,4.1,7.6,224.16667
1798,317,14,23.5,29.1,19.4,74,0,6.9,0.9,5.4,196.75
1799,318,15,24.4,28.7,21,74,0,6.3,2,7.6,221.54167
1800,319,16,,,,,,,,,210.54167
1801,320,17,,,,,,,,,251.20833
1802,321,18,,,,,,,,,172.83333
1803,322,19,24.1,30,20.5,71,0,6.3,2.8,5.4,166.70833
1804,323,20,24.2,29,20.7,70,0,6.3,3.5,5.4,130.70833
1805,324,21,23.8,29.6,20.2,70,0,6.3,3.9,5.4,194.70833
1806,325,22,,,,,,,,,250.875
1807,326,23,,,,,,,,,274.875
1808,327,24,,,,,,,,,207.91667
1809,328,25,22.7,30,18.6,65,0,5.8,5,7.6,134.45833
1810,329,26,22.2,28,17.4,76,0,6,4.1,5.4,110.0
1811,330,27,22.4,26.8,19.2,78,0,6,5,11.1,160.0
1812,331,28,,,,,,,,,217.91667
1813,332,29,,,,,,,,,184.20833
1814,333,30,,,,,,,,,130.91667
1815,334,1,19.8,24.7,19,95,10.67,4,7,9.4,224.24583
1816,335,2,19.8,21.6,18.2,88,8.89,4.8,7,9.4,152.0
1817,336,3,20.8,23.6,18.3,82,0,6.9,4.6,9.4,147.95833
1818,337,4,,,,,,,,,87.375
1819,338,5,,,,,,,,,76.25
1820,339,6,,,,,,,,,57.375
1821,340,7,22.8,29.2,18.5,63,0,6.3,3.1,7.6,39.25
1822,341,8,22.6,29.7,15.9,47,0,6.3,0.7,5.4,35.5
1823,342,9,22.6,30.8,16.8,55,0,6.8,0,-,26.166666
1824,343,10,,,,,,,,,60.666668
1825,344,11,,,,,,,,,171.54167
1826,345,12,,,,,,,,,122.541664
1827,346,13,22.7,28.1,19.6,72,0,4.2,1.1,5.4,121.333336
1828,347,14,22.6,28.5,18.4,63,0,6,4.6,9.4,202.875
1829,348,15,22.2,29.3,17.1,66,0,6,5.7,7.6,260.16666
1830,349,16,,,,,,,,,403.95834
1831,350,17,,,,,,,,,455.58334
1832,351,18,,,,,,,,,382.70834
1833,352,19,21,26,15.3,63,0,6.3,6.7,9.4,277.70834
1834,353,20,22.1,28,17.2,58,0,6.3,3.1,5.4,284.16666
1835,354,21,22,28.8,16,56,0,6.3,4.3,7.6,288.41666
1836,355,22,,,,,,,,,256.83334
1837,356,23,,,,,,,,,175.75
1838,357,24,,,,,,,,,180.79167
1839,358,25,20.4,28.5,16.6,72,0,6,0.9,3.5,166.91667
1840,359,26,21.6,28,16.2,57,0,6.3,4.8,7.6,169.0
1841,360,27,20.6,29.2,15.5,57,0,5.8,4.6,5.4,186.04167
1842,361,28,,,,,,,,,185.58333
1843,362,29,,,,,,,,,114.083336
1844,363,30,,,,,,,,,140.45833
1845,364,31,-,-,-,-,-,-,-,-,108.083336
1846,0,1,22.2,28.4,16.6,53,0,7.7,0.9,5.4,255.875
1847,1,2,22.1,28.9,17.8,58,0,5.1,1.1,-,322.25
1848,2,3,22.2,29,18.4,62,0,6,3.9,5.4,123.125
1849,3,4,,,,,,,,,101.791664
1850,4,5,,,,,,,,,130.625
1851,5,6,,,,,,,,,44.791668
1852,6,7,20.4,27.2,15.2,52,0,6.3,4.1,7.6,184.66667
1853,7,8,20.1,27.2,14.8,50,0,6.9,6.5,7.6,25.083334
1854,8,9,21.2,26.6,15.5,59,0,6.3,6.7,9.4,19.541666
1855,9,10,,,,,,,,,41.958332
1856,10,11,,,,,,,,,215.54167
1857,11,12,,,,,,,,,46.708332
1858,12,13,23.4,30.6,17.6,48,0,6.3,4.1,5.4,188.5
1859,13,14,23.3,31,16.3,42,0,5.8,2.8,11.1,164.75
1860,14,15,22.4,30.7,16.3,49,0,6.3,3.3,7.6,376.91666
1861,15,16,,,,,,,,,362.0
1862,16,17,,,,,,,,,235.625
1863,17,18,,,,,,,,,0.0
1864,18,19,20.7,28.7,14.3,48,0,6.9,7.2,9.4,0.0
1865,19,20,20.4,28,14.2,45,0,6.3,4.6,7.6,0.0
1866,20,21,20.9,28.5,14.3,46,0,6.3,4.1,7.6,57.0
1867,21,22,,,,,,,,,114.333336
1868,22,23,,,,,,,,,148.125
1869,23,24,,,,,,,,,184.875
1870,24,25,22.7,29.1,17.1,48,0,6.3,2,5.4,202.91667
1871,25,26,21.9,29.8,16.2,44,0,6.3,2.6,7.6,205.125
1872,26,27,21.3,29,16,53,0,6.9,4.4,11.1,214.125
1873,27,28,,,,,,,,,202.95833
1874,28,29,,,,,,,,,308.875
1875,29,30,,,,,,,,,323.875
1876,30,31,21.4,29.2,15,42,0,6.9,5.2,9.4,315.79166
1877,31,1,21.9,29.6,13.2,26,0,6.9,3.1,7.6,217.08333
1878,32,2,22.6,30.4,15.9,30,0,8.5,5.4,9.4,246.04167
1879,33,3,21.7,30.1,15.8,32,0,6.9,6.3,11.1,120.916664
1880,34,4,,,,,,,,,106.166664
1881,35,5,,,,,,,,,90.5
1882,36,6,,,,,,,,,71.958336
1883,37,7,23.3,32.3,20.2,67,0.51,6.3,3,5.4,113.333336
1884,38,8,23.3,30,19.2,54,0,6.9,2.4,5.4,45.833332
1885,39,9,24.4,30.2,19.7,61,0,6.9,1.5,5.4,22.833334
1886,40,10,,,,,,,,,0.0
1887,41,11,,,,,,,,,239.41667
1888,42,12,,,,,,,,,91.75
1889,43,13,23.5,30.2,18.5,49,0,6.3,5,11.1,165.0
1890,44,14,23.3,29.9,17.9,58,0,6.9,5.6,7.6,116.458336
1891,45,15,23.4,30.7,17.4,60,0,6.3,5.7,7.6,143.0
1892,46,16,,,,,,,,,194.91667
1893,47,17,,,,,,,,,130.66667
1894,48,18,,,,,,,,,152.375
1895,49,19,24.3,32.1,16.8,34,0,6.3,5,9.4,231.125
1896,50,20,22.8,32.2,17.4,39,0,6.9,7.4,18.3,218.66667
1897,51,21,24.2,31.5,17.5,31,0,6.9,5.4,11.1,211.0
1898,52,22,,,,,,,,,172.0
1899,53,23,,,,,,,,,184.875
1900,54,24,,,,,,,,,95.416664
1901,55,25,24.7,31.2,17.3,34,0,7.4,6.9,11.1,52.208332
1902,56,26,25,32,17.8,34,0,6.9,3.9,5.4,187.5
1903,57,27,25.2,32.7,18.2,28,0,6.9,5.9,11.1,130.16667
1904,58,28,,,,,,,,,68.916664
1905,59,1,25.2,33.2,18.2,26,0,6.9,5.2,7.6,229.16667
1906,60,2,25.5,32.5,18.3,25,0,6.9,4.8,7.6,200.91667
1907,61,3,25.7,33.2,17.5,21,0,6.9,2.4,5.4,153.625
1908,62,4,,,,,,,,,89.875
1909,63,5,,,,,,,,,55.416668
1910,64,6,,,,,,,,,17.5
1911,65,7,25.5,34.6,16.5,29,0,7.7,7,11.1,146.20833
1912,66,8,25.4,33.5,18.5,25,0,6.9,5.7,9.4,33.708332
1913,67,9,26.2,33.3,17.8,27,0,6.9,5.9,7.6,24.291666
1914,68,10,,,,,,,,,0.0
1915,69,11,,,,,,,,,196.54167
1916,70,12,,,,,,,,,99.916664
1917,71,13,25.8,32.5,20.1,57,0,6.9,4.1,7.6,75.75
1918,72,14,26.5,31.6,22.4,50,0,6.9,4.8,11.1,146.54167
1919,73,15,25.8,32.1,21.6,60,0,6.9,4.6,11.1,116.625
1920,74,16,,,,,,,,,163.0
1921,75,17,,,,,,,,,162.08333
1922,76,18,,,,,,,,,63.458332
1923,77,19,25.6,31,19.6,39,0,7.4,2.8,48.2,80.041664
1924,78,20,26.7,33.8,19.5,37,0,6.9,2.4,5.4,100.041664
1925,79,21,27.4,33.7,21.4,44,0,6.9,2.2,3.5,109.458336
1926,80,22,,,,,,,,,103.083336
1927,81,23,,,,,,,,,208.83333
1928,82,24,,,,,,,,,74.666664
1929,83,25,27.3,33.4,21.7,43,0,7.7,3.9,7.6,110.166664
1930,84,26,27.1,34.1,20.8,34,0,6.9,3.3,7.6,108.208336
1931,85,27,27.4,34.4,21.5,42,0,6.9,3.3,5.4,103.833336
1932,86,28,,,,,,,,,111.5
1933,87,29,,,,,,,,,98.583336
1934,88,30,,,,,,,,,60.416668
1935,89,31,25.9,34.8,21.1,60,3.3,6.3,4.1,9.4,74.291664
1936,90,1,27.6,33.2,21.2,54,0,6.9,2,7.6,392.20834
1937,91,2,24.7,33.5,20.6,72,0,6.9,2.2,5.4,187.16667
1938,92,3,26.1,33.1,19.8,55,13.72,7.4,0.7,3.5,119.416664
1939,93,4,,,,,,,,,71.958336
1940,94,5,,,,,,,,,79.291664
1941,95,6,,,,,,,,,87.083336
1942,96,7,26.7,33.5,21.6,51,0,8.5,3.1,5.4,65.375
1943,97,8,26.4,32.6,21,47,0,6.9,5,7.6,31.875
1944,98,9,26.2,32.7,21,49,0,6.9,5.2,7.6,25.291666
1945,99,10,,,,,,,,,0.0
1946,100,11,,,,,,,,,206.75
1947,101,12,,,,,,,,,113.375
1948,102,13,27.6,33.5,21.7,51,0,6.9,5.9,11.1,56.666668
1949,103,14,28.3,34,23.1,50,0,6.9,5.2,7.6,79.0
1950,104,15,28.2,34.6,23.9,52,0,7.7,3.9,7.6,123.583336
1951,105,16,,,,,,,,,97.875
1952,106,17,,,,,,,,,77.333336
1953,107,18,,,,,,,,,48.333332
1954,108,19,27.9,34.8,23.9,63,1.02,6.9,2,7.6,80.291664
1955,109,20,25.5,34,22.8,63,17.02,6.9,1.1,5.4,137.875
1956,110,21,28.2,34.8,22.2,51,0,7.4,1.1,3.5,87.875
1957,111,22,,,,,,,,,61.875
1958,112,23,,,,,,,,,82.125
1959,113,24,,,,,,,,,139.91667
1960,114,25,26.6,34,22.2,63,3.81,6.9,3.1,7.6,121.208336
1961,115,26,27.2,34.4,22.8,62,0.51,6.9,4.1,5.4,97.041664
1962,116,27,28.3,34.7,22,51,0.51,9.2,2.8,9.4,92.083336
1963,117,28,,,,,,,,,105.75
1964,118,29,,,,,,,,,119.166664
1965,119,30,,,,,,,,,121.458336
1966,120,1,26.9,35.2,21.4,64,5.59,6.3,5,11.1,536.5
1967,121,2,26.5,33,23.3,73,0,7.7,4.8,9.4,187.79167
1968,122,3,25.9,34,20,72,0.76,6.9,3,9.4,110.75
1969,123,4,,,,,,,,,76.416664
1970,124,5,,,,,,,,,81.875
1971,125,6,,,,,,,,,84.041664
1972,126,7,27.8,33.5,23.4,57,0,6.9,3.9,7.6,111.041664
1973,127,8,25.9,33.5,22.8,70,0,6.9,3.7,9.4,69.791664
1974,128,9,27.2,32.8,21.8,59,0,6.9,4.1,9.4,23.416666
1975,129,10,,,,,,,,,0.0
1976,130,11,,,,,,,,,235.58333
1977,131,12,,,,,,,,,166.70833
1978,132,13,24.9,32,21.5,74,0,7.4,1.1,37,60.541668
1979,133,14,23.8,32,21,78,17.78,6.9,1.9,5.4,79.0
1980,134,15,24.8,31.4,20.6,63,16.51,6.3,0.9,3.5,133.70833
1981,135,16,,,,,,,,,87.083336
1982,136,17,,,,,,,,,107.916664
1983,137,18,,,,,,,,,76.625
1984,138,19,25.9,31.2,21.4,66,-,6.9,6.1,11.1,53.25
1985,139,20,25.2,32.4,20.5,65,8.64,6.9,2.6,9.4,65.166664
1986,140,21,24.1,32.4,21.5,77,0,6.3,3.1,11.1,83.583336
1987,141,22,,,,,,,,,86.916664
1988,142,23,,,,,,,,,65.166664
1989,143,24,,,,,,,,,44.291668
1990,144,25,23.5,32,21.4,89,33.02,6.3,4.1,7.6,40.666668
1991,145,26,25,29.8,21.1,78,3.05,5.5,2.4,5.4,48.125
1992,146,27,26,30.8,22.2,71,0,6.9,2.2,5.4,103.166664
1993,147,28,,,,,,,,,119.708336
1994,148,29,,,,,,,,,124.25
1995,149,30,,,,,,,,,143.04167
1996,150,31,25.6,29.7,20.9,77,10.41,7.7,6.7,9.4,143.375
1997,151,1,24.4,30.3,21.8,83,0,6.6,3.5,5.4,321.83334
1998,152,2,23.8,31,20.9,81,1.52,5.5,3.9,7.6,167.79167
1999,153,3,23.7,29.8,20.8,83,1.78,6.9,6.5,7.6,94.291664
2000,154,4,,,,,,,,,113.375
2001,155,5,,,,,,,,,73.208336
2002,156,6,,,,,,,,,85.541664
2003,157,7,23.9,30.1,21.7,79,0,6.9,12,14.8,111.125
2004,158,8,23.3,29,21.2,83,0,6.3,11.9,16.5,62.916668
2005,159,9,22,25.8,20.7,86,3.81,6.6,12.8,14.8,47.041668
2006,160,10,,,,,,,,,0.0
2007,161,11,,,,,,,,,199.875
2008,162,12,,,,,,,,,146.66667
2009,163,13,24.1,28.3,20.8,77,4.06,6.3,11.3,14.8,48.833332
2010,164,14,23.2,27.9,21,84,4.06,6.3,7.8,11.1,64.458336
2011,165,15,23.8,29.6,20.5,77,16,6.9,6.5,9.4,80.541664
2012,166,16,,,,,,,,,58.083332
2013,167,17,,,,,,,,,49.958332
2014,168,18,,,,,,,,,101.708336
2015,169,19,23.8,28.9,20.1,74,0,6.9,12.8,14.8,65.416664
2016,170,20,23.4,29.1,20.7,78,0,6.9,12.6,14.8,54.666668
2017,171,21,23.5,28,20.9,79,0,6.9,9.1,11.1,78.541664
2018,172,22,,,,,,,,,73.0
2019,173,23,,,,,,,,,58.625
2020,174,24,,,,,,,,,61.5
2021,175,25,23.5,27.8,20.1,77,0,6.9,8.3,11.1,49.125
2022,176,26,23.1,28.1,20.2,75,0,6.9,11.9,16.5,65.875
2023,177,27,21.9,28,20.1,86,5.08,6.9,10,14.8,72.416664
2024,178,28,,,,,,,,,71.291664
2025,179,29,,,,,,,,,74.375
2026,180,30,,,,,,,,,107.166664
2027,181,1,24.2,29.5,20.6,75,0,6.9,9.4,14.8,298.45834
2028,182,2,24.8,29.4,20.9,68,-,6.9,10.9,14.8,99.5
2029,183,3,24.4,30.2,20.7,68,0.51,6.9,8.1,11.1,130.33333
2030,184,4,,,,,,,,,48.208332
2031,185,5,,,,,,,,,108.333336
2032,186,6,,,,,,,,,101.0
2033,187,7,22.9,26.3,20.5,82,0,6.9,11.3,16.5,112.291664
2034,188,8,22.4,26.4,20.3,86,0,8,6.7,9.4,26.416666
2035,189,9,22.8,26.4,20.7,85,1.02,6.9,8.7,14.8,74.666664
2036,190,10,,,,,,,,,45.75
2037,191,11,,,,,,,,,232.54167
2038,192,12,,,,,,,,,119.708336
2039,193,13,22.2,27.4,20.5,86,0,7.7,10.9,14.8,153.41667
2040,194,14,22.4,26.5,20.3,86,4.57,6.9,8.5,11.1,134.95833
2041,195,15,23.6,27.2,20.4,74,1.78,6.9,10,13,81.125
2042,196,16,,,,,,,,,197.66667
2043,197,17,,,,,,,,,160.75
2044,198,18,,,,,,,,,29.125
2045,199,19,23,28.6,21,79,0,6.9,14.8,25.9,52.25
2046,200,20,23,27,20.4,77,0,6.9,14.6,22.2,160.375
2047,201,21,22.7,26.9,20.3,83,0,8.5,14.8,18.3,99.375
2048,202,22,,,,,,,,,123.875
2049,203,23,,,,,,,,,131.41667
2050,204,24,,,,,,,,,53.875
2051,205,25,23.3,28.2,20.2,82,1.02,6.9,9.1,14.8,31.458334
2052,206,26,23.7,28.8,20.6,79,0,6.9,8.9,11.1,47.375
2053,207,27,23.3,27.3,20.5,76,0,6.9,10.9,16.5,38.166668
2054,208,28,,,,,,,,,42.541668
2055,209,29,,,,,,,,,35.791668
2056,210,30,,,,,,,,,43.458332
2057,211,31,23.1,28.3,20.3,81,4.83,6.9,10,22.2,35.958332
2058,212,1,21.9,27.2,19.4,85,5.33,5.5,8.7,18.3,264.91666
2059,213,2,23.6,28,18.7,77,14.99,6.9,9.6,22.2,143.91667
2060,214,3,23.3,28.6,20.8,76,0,6.9,8.5,16.5,110.708336
2061,215,4,,,,,,,,,47.041668
2062,216,5,,,,,,,,,198.875
2063,217,6,,,,,,,,,76.208336
2064,218,7,21.9,27.7,19.7,84,11.43,7.4,11.1,14.8,60.625
2065,219,8,22,25.4,20,88,3.56,5.5,8.3,13,30.666666
2066,220,9,23.4,27.6,20.2,76,8.89,6.3,9.8,18.3,41.875
2067,221,10,,,,,,,,,70.708336
2068,222,11,,,,,,,,,185.5
2069,223,12,,,,,,,,,110.875
2070,224,13,21.7,24.6,19.4,85,3.3,7.4,10.2,18.3,23.875
2071,225,14,21.9,25,19.6,88,1.02,5.5,10,22.2,22.333334
2072,226,15,22.2,25.7,20.1,87,6.35,5.5,7.6,11.1,25.083334
2073,227,16,,,,,,,,,32.958332
2074,228,17,,,,,,,,,31.5
2075,229,18,,,,,,,,,56.375
2076,230,19,23.3,27.4,20.7,77,0,6.3,13.1,18.3,66.791664
2077,231,20,22.8,27.3,20.2,78,0,6.9,11.7,18.3,64.875
2078,232,21,23.3,27.4,19.7,72,0,6.9,10.6,18.3,47.583332
2079,233,22,,,,,,,,,48.291668
2080,234,23,,,,,,,,,51.375
2081,235,24,,,,,,,,,43.375
2082,236,25,23.7,27.8,19.8,75,41.66,6.9,8.3,11.1,33.5
2083,237,26,22.4,28.5,20,83,0,6.3,6.3,14.8,43.041668
2084,238,27,21.9,28.3,19.5,86,8.38,6.3,6.7,11.1,38.416668
2085,239,28,,,,,,,,,29.166666
2086,240,29,,,,,,,,,37.375
2087,241,30,,,,,,,,,60.0
2088,242,31,23.3,28.8,20.3,78,19.81,7.4,6.9,11.1,49.291668
2089,243,1,23.7,28.3,20,73,0,6.9,6.5,11.1,404.5
2090,244,2,23.8,28.2,20.3,71,0.25,6.6,7.8,9.4,100.25
2091,245,3,24.7,29.3,19.7,61,0,6.9,6.5,9.4,138.5
2092,246,4,,,,,,,,,67.791664
2093,247,5,,,,,,,,,120.708336
2094,248,6,,,,,,,,,84.333336
2095,249,7,24.4,29.2,20.3,63,0,6.9,8.7,14.8,71.0
2096,250,8,24.3,29.1,20.1,66,0,6.9,7.8,14.8,29.958334
2097,251,9,25.7,30,20.5,59,0,6.9,5.4,9.4,50.583332
2098,252,10,,,,,,,,,51.791668
2099,253,11,,,,,,,,,282.16666
2100,254,12,,,,,,,,,200.33333
2101,255,13,25,31.6,22.3,72,0.25,6.9,1.9,3.5,58.125
2102,256,14,24.8,30.3,20.4,69,33.02,6.3,1.5,5.4,57.291668
2103,257,15,23.9,31.7,20.1,77,16,6.6,2,5.4,38.25
2104,258,16,,,,,,,,,57.208332
2105,259,17,-,-,-,-,-,-,-,-,50.333332
2106,260,18,,,,,,,,,50.416668
2107,261,19,,,,,,,,,47.416668
2108,262,20,22.7,29.1,19.5,81,13.97,6.3,5,9.4,56.916668
2109,263,21,23.5,28.4,20,71,0,6.3,5.7,9.4,54.625
2110,264,22,23.9,28.2,18.4,64,0,6.9,4.8,7.6,42.875
2111,265,23,,,,,,,,,41.208332
2112,266,24,-,-,-,-,-,-,-,-,42.375
2113,267,25,,,,,,,,,45.958332
2114,268,26,,,,,,,,,52.25
2115,269,27,23.7,30.3,19.9,79,32.26,5.5,0.4,3.5,43.333332
2116,270,28,25.1,29.2,21.3,72,1.27,6.9,3.5,5.4,41.875
2117,271,29,25.3,29.9,21.4,69,4.32,6.9,3.7,7.6,44.416668
2118,272,30,,,,,,,,,49.5
2119,273,1,25.5,30.9,21.6,73,0.25,6.9,5.2,7.6,442.66666
2120,274,2,24.9,30.3,21.3,71,0,6.9,4.6,5.4,126.0
2121,275,3,24.1,30.4,21.6,75,0.25,6.9,5,7.6,39.291668
2122,276,4,,,,,,,,,65.458336
2123,277,5,,,,,,,,,117.375
2124,278,6,,,,,,,,,84.208336
2125,279,7,24.2,28.2,20.2,70,7.87,6.9,3.3,5.4,57.041668
2126,280,8,24.1,29.5,20.8,72,0,6.3,3.1,3.5,47.458332
2127,281,9,24.3,29.5,20.6,65,4.32,6.3,1.5,5.4,44.416668
2128,282,10,,,,,,,,,66.75
2129,283,11,,,,,,,,,226.45833
2130,284,12,,,,,,,,,161.79167
2131,285,13,25,31.5,20.4,67,0,6.3,2.4,5.4,0.0
2132,286,14,24,30.3,21,75,1.02,6.9,3.1,3.5,11.583333
2133,287,15,23.4,29.8,20.1,82,3.81,6.9,0.4,3.5,13.0
2134,288,16,,,,,,,,,7.875
2135,289,17,,,,,,,,,33.541668
2136,290,18,,,,,,,,,151.04167
2137,291,19,24.4,28.7,20.2,71,1.02,7.4,3.1,3.5,156.25
2138,292,20,23.8,29.3,19.7,58,0,6.9,3.1,3.5,156.0
2139,293,21,23.7,29,19.7,60,0,6.3,5,7.6,151.79167
2140,294,22,,,,,,,,,181.54167
2141,295,23,,,,,,,,,219.95833
2142,296,24,,,,,,,,,231.0
2143,297,25,23.9,30.2,18.2,58,0,5.5,5,9.4,252.625
2144,298,26,23.8,29.3,18.7,58,0,6.6,4.6,7.6,119.416664
2145,299,27,23.4,29.5,18.2,51,0,6.9,3.7,7.6,126.0
2146,300,28,,,,,,,,,172.66667
2147,301,29,,,,,,,,,207.04167
2148,302,30,,,,,,,,,230.25
2149,303,31,24.8,30.1,19.7,64,0,6.3,4.6,11.1,232.33333
2150,304,1,24.3,30.4,20,65,0,6.3,3.9,5.4,220.95833
2151,305,2,22.9,30.3,19.8,78,0,6.6,5.2,5.4,163.91667
2152,306,3,22.8,27.7,20.4,81,0.51,5.5,8.1,14.8,44.916668
2153,307,4,,,,,,,,,77.75
2154,308,5,,,,,,,,,86.833336
2155,309,6,,,,,,,,,83.375
2156,310,7,23.3,30,18,48,0,6.9,3.9,7.6,67.416664
2157,311,8,22.2,29.6,16,60,0,6.9,3,5.4,48.916668
2158,312,9,23.4,29.2,17.5,58,0,6.3,5,7.6,66.458336
2159,313,10,,,,,,,,,39.958332
2160,314,11,,,,,,,,,222.125
2161,315,12,,,,,,,,,169.04167
2162,316,13,22.4,30,16.2,44,0,6.9,1.3,3.5,257.66666
2163,317,14,23,30.5,14.8,44,0,6.9,0.9,3.5,166.875
2164,318,15,23.3,31,16.5,68,0,6.9,5.4,7.6,135.16667
2165,319,16,,,,,,,,,133.125
2166,320,17,-,-,-,-,-,-,-,-,175.04167
2167,321,18,-,-,-,-,-,-,-,-,189.66667
2168,322,19,-,-,-,-,-,-,-,-,211.45833
2169,323,20,-,-,-,-,-,-,-,-,215.5
2170,324,21,-,-,-,-,-,-,-,-,223.375
2171,325,22,-,-,-,-,-,-,-,-,187.54167
2172,326,23,,,,,,,,,198.45833
2173,327,24,,,,,,,,,156.70833
2174,328,25,22.6,27.6,19.2,70,0,4.8,3.1,5.4,135.58333
2175,329,26,22.2,28.8,18,66,0,5.6,3.3,5.4,152.04167
2176,330,27,20.8,29,16.3,64,0,5,5,9.4,141.41667
2177,331,28,,,,,,,,,248.625
2178,332,29,,,,,,,,,162.54167
2179,333,30,,,,,,,,,0.0
2180,334,1,21.8,29.5,18,62,0,6.3,4.3,9.4,251.375
2181,335,2,21.8,28.3,15.6,56,0,6.9,4.6,7.6,152.875
2182,336,3,21.7,28.8,18.2,67,0,6.9,3.3,7.6,52.375
2183,337,4,,,,,,,,,114.458336
2184,338,5,,,,,,,,,88.625
2185,339,6,,,,,,,,,55.958332
2186,340,7,22.3,29.3,18.3,70,0,6.8,3.1,5.4,132.70833
2187,341,8,22.5,28.2,17.7,72,0,6.8,4.8,7.6,37.125
2188,342,9,23.1,29.4,17.6,62,0,5.8,5.2,11.1,62.916668
2189,343,10,,,,,,,,,0.0
2190,344,11,,,,,,,,,317.0
2191,345,12,,,,,,,,,216.79167
2192,346,13,22.3,29.9,18.7,70,0,6,3,9.4,203.58333
2193,347,14,22.8,28.9,17.7,59,0,5.3,3.1,5.4,25.083334
2194,348,15,21.8,28.9,17.7,59,0,6.3,7,9.4,57.083332
2195,349,16,,,,,,,,,152.83333
2196,350,17,,,,,,,,,177.70833
2197,351,18,,,,,,,,,239.04167
2198,352,19,21.6,28.5,16,67,0,6.3,3.1,11.1,349.29166
2199,353,20,22.2,27.7,17.7,63,0,6.9,2.8,7.6,188.04167
2200,354,21,22.7,28.4,18.1,65,0,6.3,3.9,5.4,310.25
2201,355,22,,,,,,,,,375.79166
2202,356,23,,,,,,,,,297.79166
2203,357,24,,,,,,,,,441.79166
2204,358,25,23.4,29.1,18.4,62,0,6,5.7,9.4,204.375
2205,359,26,23.8,30.2,17.7,56,0,5.5,6.1,9.4,223.25
2206,360,27,24,31.4,19,63,0,6.3,5.4,7.6,248.95833
2207,361,28,,,,,,,,,441.41666
2208,362,29,,,,,,,,,237.79167
2209,363,30,,,,,,,,,334.875
2210,364,31,20.9,25.8,16.6,51,0,6.6,3.9,11.1,
