,Day,T,TM,Tm,H,PP,VV,V,VM,PM2.5
0,1,20.3,26.4,16,70,0,6.3,3.1,3.5,255.875
1,2,20.1,26.4,16.6,70,0,5.5,2.8,3.5,322.25
2,3,21.2,28.4,15,67,0,6.9,2.4,5.4,123.125
3,4,,,,,,,,,101.791664
4,5,,,,,,,,,130.625
5,6,,,,,,,,,44.791668
6,7,21.4,30.8,15,53,0,6.9,2.8,3.5,184.66667
7,8,20.7,29.3,15.5,65,0,6.9,5.9,13,25.083334
8,9,21,28,15.8,67,0,6.3,4.3,5.4,19.541666
9,10,,,,,,,,,41.958332
10,11,,,,,,,,,215.54167
11,12,,,,,,,,,46.708332
12,13,22,30.6,15.6,57,0,6.9,5,5.4,188.5
13,14,22.4,30.5,17,52,0,7.7,3.9,5.4,164.75
14,15,22.1,29.5,16.3,59,0,6.9,3.3,5.4,376.91666
15,16,,,,,,,,,362.0
16,17,,,,,,,,,235.625
17,18,,,,,,,,,0.0
18,19,21.8,28.5,16.9,68,0,6.9,5,5.4,0.0
19,20,20.9,28.1,17,66,0,6.9,3.5,5.4,0.0
20,21,20.4,27.4,15.2,61,0,6.9,3.9,5.4,57.0
21,22,,,,,,,,,114.333336
22,23,,,,,,,,,148.125
23,24,,,,,,,,,184.875
24,25,22,29.5,16.9,58,0,6.9,3.9,5.4,202.91667
25,26,21.4,29.4,15.5,57,0,6.9,3.3,5.4,205.125
26,27,21,27.7,16.4,61,0,6.9,3.7,7.6,214.125
27,28,,,,,,,,,202.95833
28,29,,,,,,,,,308.875
29,30,,,,,,,,,323.875
30,31,22,29.4,15.4,56,0,6.9,2.8,7.6,315.79166
31,1,22.2,29.8,17,65,0,6.9,4.8,7.6,217.08333
32,2,22.7,29.7,18,59,0,6.9,3.1,5.4,246.04167
33,3,23,31.4,15.7,48,0,6.9,1.9,3.5,120.916664
34,4,,,,,,,,,106.166664
35,5,,,,,,,,,90.5
36,6,,,,,,,,,71.958336
37,7,23.8,32.6,16.5,29,0,6.9,2.4,5.4,113.333336
38,8,23.6,32.1,15.5,35,0,6.9,2,5.4,45.833332
39,9,23.6,32.7,15.7,39,0,6.9,0,-,22.833334
40,10,,,,,,,,,0.0
41,11,,,,,,,,,239.41667
42,12,,,,,,,,,91.75
43,13,24.6,31.8,19,54,0,6.9,2.8,5.4,165.0
44,14,24.3,31.6,19.2,60,0,6.3,2.4,5.4,116.458336
45,15,24.7,31.6,20.2,63,0,6.3,2.2,5.4,143.0
46,16,,,,,,,,,194.91667
47,17,,,,,,,,,130.66667
48,18,,,,,,,,,152.375
49,19,23.4,30.1,19.2,65,0,6.3,4.3,7.6,231.125
50,20,23,30.1,19.1,65,0,6.3,3.5,3.5,218.66667
51,21,23.9,30.3,19.2,63,0,6.9,2.2,3.5,211.0
52,22,,,,,,,,,172.0
53,23,,,,,,,,,184.875
54,24,,,,,,,,,95.416664
55,25,23.4,30.8,19.7,64,0.25,6.3,4.4,5.4,52.208332
56,26,24.2,32,19.3,49,0,6.9,4.4,5.4,187.5
57,27,24.5,32,17.6,50,0,6.9,3.1,5.4,130.16667
58,28,,,,,,,,,68.916664
59,1,23.8,31.1,19.9,71,0,6.9,5,7.6,229.16667
60,2,24.9,32,19.3,64,4.06,6.9,3.9,5.4,200.91667
61,3,23.8,32,20.2,67,0,6.9,5.2,7.6,153.625
62,4,,,,,,,,,89.875
63,5,,,,,,,,,55.416668
64,6,,,,,,,,,17.5
65,7,23.9,30.6,19.9,67,0.51,6.9,4.6,5.4,146.20833
66,8,24.6,31.6,18.6,61,0.76,6.9,4.1,7.6,33.708332
67,9,24.2,31.6,18.2,54,0,6.8,5.4,7.6,24.291666
68,10,,,,,,,,,0.0
69,11,,,,,,,,,196.54167
70,12,,,,,,,,,99.916664
71,13,24.9,31.8,16.6,35,0,6.9,3.5,5.4,75.75
72,14,25.3,32.8,19,31,0,6.9,4.1,7.6,146.54167
73,15,25.6,33.1,17.1,31,0,6.9,3.1,5.4,116.625
74,16,,,,,,,,,163.0
75,17,,,,,,,,,162.08333
76,18,,,,,,,,,63.458332
77,19,27.1,35.4,18.7,31,0,6.9,3.5,5.4,80.041664
78,20,28.2,35.9,20.8,33,0,7.7,0.9,3.5,100.041664
79,21,27.9,35.9,22.4,42,0,6.9,1.1,5.4,109.458336
80,22,,,,,,,,,103.083336
81,23,,,,,,,,,208.83333
82,24,,,,,,,,,74.666664
83,25,27.6,35.3,20.5,37,0,6.9,2.4,5.4,110.166664
84,26,27.3,35.3,20.3,38,0,6.9,2.6,7.6,108.208336
85,27,26.8,34.6,19.4,33,0,6.9,2.2,5.4,103.833336
86,28,,,,,,,,,111.5
87,29,,,,,,,,,98.583336
88,30,,,,,,,,,60.416668
89,31,28.6,36,23.5,33,0,6.9,1.3,3.5,74.291664
90,1,28.3,35.8,21.9,49,0,6.9,2.8,3.5,392.20834
91,2,29.2,35.8,23.4,43,0,6.9,3.3,7.6,187.16667
92,3,28.9,36,23.3,40,0,6.9,3.3,5.4,119.416664
93,4,,,,,,,,,71.958336
94,5,,,,,,,,,79.291664
95,6,,,,,,,,,87.083336
96,7,28.6,36.2,22.3,38,0,6.9,2.4,5.4,65.375
97,8,28.5,36.4,22.6,47,0,6.9,4.3,7.6,31.875
98,9,25.7,36.4,20.4,59,8.89,6.6,3.9,5.4,25.291666
99,10,,,,,,,,,0.0
100,11,,,,,,,,,206.75
101,12,,,,,,,,,113.375
102,13,27.1,34.5,22.3,59,0,6.9,3,3.5,56.666668
103,14,27.7,34.5,23.1,56,5.08,6.9,2.8,7.6,79.0
104,15,27.6,34,22.7,56,0,6.9,3,5.4,123.583336
105,16,,,,,,,,,97.875
106,17,,,,,,,,,77.333336
107,18,,,,,,,,,48.333332
108,19,28.6,35.4,22.2,47,0.51,6.9,2.4,5.4,80.291664
109,20,28.7,35.5,23.4,36,0,6.9,1.9,3.5,137.875
110,21,28.7,35.5,21.5,34,0,7.7,1.5,5.4,87.875
111,22,,,,,,,,,61.875
112,23,,,,,,,,,82.125
113,24,,,,,,,,,139.91667
114,25,29.8,36.5,23.8,53,0,7.7,3.3,5.4,121.208336
115,26,29.6,36.5,24.7,52,0,6.9,1.9,3.5,97.041664
116,27,29.3,36.3,24.8,49,0,6.9,2.8,3.5,92.083336
117,28,,,,,,,,,105.75
118,29,,,,,,,,,119.166664
119,30,,,,,,,,,121.458336
120,1,28.8,36,24.2,50,0,6.9,3.9,5.4,536.5
121,2,28.6,35.8,24.6,50,0.51,6.3,3.9,7.6,187.79167
122,3,27.8,35.8,20,56,0,6.9,3.1,7.6,110.75
123,4,,,,,,,,,76.416664
124,5,,,,,,,,,81.875
125,6,,,,,,,,,84.041664
126,7,24.5,30.6,21.4,76,2.03,7.7,5.2,7.6,111.041664
127,8,22.8,26.7,21,86,0,6.3,5.2,5.4,69.791664
128,9,24.1,28.3,20.5,78,6.6,6.9,4.6,7.6,23.416666
129,10,,,,,,,,,0.0
130,11,,,,,,,,,235.58333
131,12,,,,,,,,,166.70833
132,13,27.4,35.6,23.8,60,0.25,6.9,3.9,7.6,60.541668
133,14,28.8,35.6,22.8,47,0,6.9,4.1,7.6,79.0
134,15,28.6,35.5,22.8,49,0,6.9,3.9,5.4,133.70833
135,16,,,,,,,,,87.083336
136,17,,,,,,,,,107.916664
137,18,,,,,,,,,76.625
138,19,28.4,35.5,23.6,56,0,7.7,3.7,14.8,53.25
139,20,25.8,33.9,21.4,71,4.06,6.9,1.5,5.4,65.166664
140,21,26.3,33,21.2,65,0,7.4,4.3,7.6,83.583336
141,22,,,,,,,,,86.916664
142,23,,,,,,,,,65.166664
143,24,,,,,,,,,44.291668
144,25,26.4,35.2,18.9,62,9.4,9.2,4.4,5.4,40.666668
145,26,27.8,34.4,22.2,61,0,7.7,2.4,5.4,48.125
146,27,25.8,34.5,20.2,70,-,6.9,3.9,5.4,103.166664
147,28,,,,,,,,,119.708336
148,29,,,,,,,,,124.25
149,30,,,,,,,,,143.04167
150,31,28.1,35,22.3,57,0,7.4,3.3,5.4,143.375
151,1,27.6,35,20.1,60,13.72,6.9,3.9,5.4,321.83334
152,2,25.9,34.5,20.4,70,0,6.9,4.6,7.6,167.79167
153,3,24.5,29.2,20,75,0,6.9,2.8,3.5,94.291664
154,4,,,,,,,,,113.375
155,5,,,,,,,,,73.208336
156,6,,,,,,,,,85.541664
157,7,25.9,31.2,22.2,72,0,7.7,6.1,11.1,111.125
158,8,25.9,31.3,20.9,73,0,6.9,7.4,9.4,62.916668
159,9,24.6,31.3,22.2,74,0,6.9,9.4,22.2,47.041668
160,10,,,,,,,,,0.0
161,11,,,,,,,,,199.875
162,12,,,,,,,,,146.66667
163,13,24.1,30.7,21.9,74,-,5.8,8.1,14.8,48.833332
164,14,25.4,30.2,21.4,67,0,9.2,8.9,9.4,64.458336
165,15,25.2,31,21.6,71,0,7.7,9.3,14.8,80.541664
166,16,,,,,,,,,58.083332
167,17,,,,,,,,,49.958332
168,18,,,,,,,,,101.708336
169,19,24.4,29.4,20.8,72,0,6.9,9.8,11.1,65.416664
170,20,24.7,29.2,21.2,71,0,7.4,9.1,11.1,54.666668
171,21,25.3,30.4,21.2,69,0,6.6,8.7,11.1,78.541664
172,22,,,,,,,,,73.0
173,23,,,,,,,,,58.625
174,24,,,,,,,,,61.5
175,25,26,32,21.4,61,0,6.9,5.7,7.6,49.125
176,26,26.6,33,21.4,60,0,6.9,4.3,5.4,65.875
177,27,27.4,33.6,22.2,58,0,7.7,2.4,3.5,72.416664
178,28,,,,,,,,,71.291664
179,29,,,,,,,,,74.375
180,30,,,,,,,,,107.166664
181,1,24.9,31.3,21.1,75,22.61,6.9,5.9,9.4,298.45834
182,2,25.4,30.6,21.8,69,0,6.9,5.2,7.6,99.5
183,3,25.5,30.8,20.8,64,0,6.9,6.9,14.8,130.33333
184,4,,,,,,,,,48.208332
185,5,,,,,,,,,108.333336
186,6,,,,,,,,,101.0
187,7,23.1,27.5,20.8,81,1.02,6.9,6.3,11.1,112.291664
188,8,22.6,27.5,20.3,82,0,6.9,5.2,9.4,26.416666
189,9,22.7,28.6,19.9,83,1.02,6.9,5.6,7.6,74.666664
190,10,,,,,,,,,45.75
191,11,,,,,,,,,232.54167
192,12,,,,,,,,,119.708336
193,13,-,-,-,-,-,-,-,-,153.41667
194,14,23.6,27.1,20.3,76,9.91,6.6,8.7,14.8,134.95833
195,15,23,26.6,21,80,0,5.8,9.6,14.8,81.125
196,16,24,28.5,20.6,74,-,9.2,7.6,16.5,197.66667
197,17,,,,,,,,,160.75
198,18,,,,,,,,,29.125
199,19,,,,,,,,,52.25
200,20,23.3,28.4,20,77,1.27,6.3,6.7,11.1,160.375
201,21,23.9,28.9,21,74,0,6.3,11.1,14.8,99.375
202,22,23.2,28,21.4,81,8.89,6.6,7.4,14.8,123.875
203,23,,,,,,,,,131.41667
204,24,,,,,,,,,53.875
205,25,,,,,,,,,31.458334
206,26,24.1,29.4,20.4,78,0,6.9,6.3,7.6,47.375
207,27,23.4,28.4,21,79,4.06,6.6,5.7,9.4,38.166668
208,28,23.7,27.7,21,75,-,6.9,9.4,13,42.541668
209,29,,,,,,,,,35.791668
210,30,,,,,,,,,43.458332
211,31,,,,,,,,,35.958332
212,1,22.9,28.4,20.5,85,1.78,5.5,7.6,11.1,264.91666
213,2,23.1,27.4,20.4,81,4.57,5.5,7.8,11.1,143.91667
214,3,23.2,28.2,21,81,0,5.5,7.4,14.8,110.708336
215,4,,,,,,,,,47.041668
216,5,,,,,,,,,198.875
217,6,,,,,,,,,76.208336
218,7,23.6,27.8,20.8,73,0,8.2,7.2,11.1,60.625
219,8,22.8,28.4,20.7,83,0,6.3,6.9,11.1,30.666666
220,9,23.6,29.2,20.2,79,0,6.9,6.9,9.4,41.875
221,10,,,,,,,,,70.708336
222,11,,,,,,,,,185.5
223,12,,,,,,,,,110.875
224,13,22.8,28,20.4,84,0,6.9,5.2,9.4,23.875
225,14,23.1,29.3,20,81,0,5.8,5,7.6,22.333334
226,15,24.1,29.5,20,74,7.11,9.2,4.4,5.4,25.083334
227,16,,,,,,,,,32.958332
228,17,,,,,,,,,31.5
229,18,,,,,,,,,56.375
230,19,24.1,28.8,20.2,83,11.18,6.9,2.2,7.6,66.791664
231,20,24.7,30.8,20.7,80,6.86,6.9,0.9,3.5,64.875
232,21,25.4,30.8,20.4,78,32,6.9,0.9,3.5,47.583332
233,22,,,,,,,,,48.291668
234,23,,,,,,,,,51.375
235,24,,,,,,,,,43.375
236,25,23.7,29.6,20.5,79,0,6.9,6.7,9.4,33.5
237,26,23.2,28,20.2,75,1.02,6.9,8,9.4,43.041668
238,27,21.8,28,20.1,85,0.51,5.5,7.2,9.4,38.416668
239,28,,,,,,,,,29.166666
240,29,,,,,,,,,37.375
241,30,,,,,,,,,60.0
242,31,22.6,27.4,19.8,79,-,6.9,7.8,9.4,49.291668
243,1,22.7,27.4,20.4,80,1.52,6.9,7.2,9.4,404.5
244,2,22.5,27.2,20,84,0.25,6.9,5.6,9.4,100.25
245,3,23.1,26.8,19.7,79,0.51,7.7,6.7,9.4,138.5
246,4,,,,,,,,,67.791664
247,5,,,,,,,,,120.708336
248,6,,,,,,,,,84.333336
249,7,23.3,28.7,20.3,77,0,6.9,6.3,9.4,71.0
250,8,23.2,28.9,19.8,71,0,6.3,9.1,11.1,29.958334
251,9,24,29.9,19.1,69,0,6.9,7.8,11.1,50.583332
252,10,,,,,,,,,51.791668
253,11,,,,,,,,,282.16666
254,12,,,,,,,,,200.33333
255,13,24.3,30.3,20.5,67,0,8.5,5.2,7.6,58.125
256,14,23.4,29.9,20.6,74,-,6.9,5,9.4,57.291668
257,15,23.9,29.4,21,73,-,6.3,7,14.8,38.25
258,16,,,,,,,,,57.208332
259,17,,,,,,,,,50.333332
260,18,,,,,,,,,50.416668
261,19,23.4,27.8,20.6,79,0,6.9,5.9,9.4,47.416668
262,20,23.7,27.8,20.1,74,1.78,7.4,5.9,7.6,56.916668
263,21,24.2,28.3,20,72,0,6.6,2.8,5.4,54.625
264,22,,,,,,,,,42.875
265,23,,,,,,,,,41.208332
266,24,,,,,,,,,42.375
267,25,23.9,31.1,20.1,78,10.67,6.9,1.3,3.5,45.958332
268,26,24.2,31.1,19.9,81,132.33,6.9,1.9,5.4,52.25
269,27,24.8,30,20,72,6.1,9.2,3.5,5.4,43.333332
270,28,,,,,,,,,41.875
271,29,,,,,,,,,44.416668
272,30,,,,,,,,,49.5
273,1,24.7,29.9,20.7,69,3.81,7.7,2.2,3.5,442.66666
274,2,25.4,30.7,19.8,64,0,6.9,2.2,3.5,126.0
275,3,25.3,30.7,20.8,76,0,7.4,0.6,3.5,39.291668
276,4,,,,,,,,,65.458336
277,5,,,,,,,,,117.375
278,6,,,,,,,,,84.208336
279,7,23.6,30.4,19.6,79,31.5,6.9,2.8,5.4,57.041668
280,8,22.6,30.4,19.1,84,51.82,6.9,1.9,3.5,47.458332
281,9,23.6,29.9,19.3,83,62.99,6.8,1.9,3.5,44.416668
282,10,,,,,,,,,66.75
283,11,,,,,,,,,226.45833
284,12,,,,,,,,,161.79167
285,13,24.4,30,20.8,67,0,9.2,5,9.4,0.0
286,14,25.4,30.3,21.2,66,0,8.2,2.6,5.4,11.583333
287,15,24,30.3,21.1,75,0,9.2,3.9,7.6,13.0
288,16,,,,,,,,,7.875
289,17,,,,,,,,,33.541668
290,18,,,,,,,,,151.04167
291,19,21.6,24.3,19.8,86,3.05,5.5,3.1,3.5,156.25
292,20,22,25.4,20.2,82,0.51,6.3,3.1,5.4,156.0
293,21,22.7,26.8,20.4,76,0,9.2,3.3,5.4,151.79167
294,22,,,,,,,,,181.54167
295,23,,,,,,,,,219.95833
296,24,,,,,,,,,231.0
297,25,22,27.5,20.4,89,0,5.5,3.1,3.5,252.625
298,26,22.4,27.5,19.8,87,55.37,6.3,3.1,3.5,119.416664
299,27,21.9,27.3,19.8,90,5.84,6.3,3,5.4,126.0
300,28,,,,,,,,,172.66667
301,29,,,,,,,,,207.04167
302,30,,,,,,,,,230.25
303,31,22,28.4,17.5,70,0,6.3,1.3,3.5,232.33333
304,1,23.2,28.2,20,72,0,6.9,2.2,3.5,220.95833
305,2,22.8,27.6,19.8,74,-,6.9,2,5.4,163.91667
306,3,21.4,27.6,18.4,71,0,6.3,0.9,3.5,44.916668
307,4,,,,,,,,,77.75
308,5,,,,,,,,,86.833336
309,6,,,,,,,,,83.375
310,7,23.2,29.4,17.9,58,0,6.3,2,5.4,67.416664
311,8,23,29.5,18.8,59,0,6.3,0.4,3.5,48.916668
312,9,23.2,29.5,18.8,63,0,6.3,0.9,3.5,66.458336
313,10,,,,,,,,,39.958332
314,11,,,,,,,,,222.125
315,12,,,,,,,,,169.04167
316,13,20.2,27.4,19.6,94,3.81,4,3.5,3.5,257.66666
317,14,21.4,24.6,20.2,91,0,5.5,3.7,7.6,166.875
318,15,21.9,27.4,18,80,5.84,6.3,2.8,5.4,135.16667
319,16,,,,,,,,,133.125
320,17,,,,,,,,,175.04167
321,18,,,,,,,,,189.66667
322,19,22.1,28.1,17.4,71,0,6.6,2.8,3.5,211.45833
323,20,21.8,28,18.3,70,0,9.2,2.8,3.5,215.5
324,21,22.2,28.8,17.1,68,0,6.3,0.4,3.5,223.375
325,22,,,,,,,,,187.54167
326,23,,,,,,,,,198.45833
327,24,,,,,,,,,156.70833
328,25,21.2,26.7,18,68,0,6.9,2.4,5.4,135.58333
329,26,21.4,27.4,15.8,64,0,6.3,1.1,5.4,152.04167
330,27,21.7,29.2,16.5,60,0,8.2,1.9,3.5,141.41667
331,28,,,,,,,,,248.625
332,29,,,,,,,,,162.54167
333,30,,,,,,,,,0.0
334,1,22.3,28.2,16.6,50,0,6.6,1.9,5.4,251.375
335,2,21.3,28.2,17,60,0,6.9,0.9,3.5,152.875
336,3,21.1,29,15.3,55,0,8,0.4,3.5,52.375
337,4,,,,,,,,,114.458336
338,5,,,,,,,,,88.625
339,6,,,,,,,,,55.958332
340,7,21.9,28.6,17.6,72,0,6.3,3,9.4,132.70833
341,8,22.8,29.2,18.4,77,0,6.3,1.9,3.5,37.125
342,9,23.3,29.3,19.8,74,0,5.6,2.8,3.5,62.916668
343,10,,,,,,,,,0.0
344,11,,,,,,,,,317.0
345,12,,,,,,,,,216.79167
346,13,21.6,26.6,18.2,76,0,6.3,2.4,5.4,203.58333
347,14,21.6,26.4,19.6,83,0,6.9,1.3,3.5,25.083334
348,15,23.1,28.8,19.1,74,0,6.9,2.8,3.5,57.083332
349,16,,,,,,,,,152.83333
350,17,,,,,,,,,177.70833
351,18,,,,,,,,,239.04167
352,19,21.1,25.2,18.8,78,0,5.5,3.1,3.5,349.29166
353,20,21.4,28,17.6,71,0,6.3,1.9,5.4,188.04167
354,21,21.1,28.3,17.1,74,0,7.7,0.9,3.5,310.25
355,22,,,,,,,,,375.79166
356,23,,,,,,,,,297.79166
357,24,,,,,,,,,441.79166
358,25,20,28.4,15.8,65,0,6.3,1.9,3.5,204.375
359,26,20.1,27.3,14.2,56,0,9.2,1.3,3.5,223.25
360,27,20.8,27.4,13.9,58,0,7.7,2,5.4,248.95833
361,28,,,,,,,,,441.41666
362,29,,,,,,,,,237.79167
363,30,,,,,,,,,334.875
364,31,-,-,-,-,-,-,-,-,
